
#
#Feature symbol names
#
$0 r10
$1 r9.842
$2 r23.622
$3 r15.748
$4 r7.874
$5 r12
$6 r8
$7 r2
$8 r5.906

#
#Layer features
#
A 2.45 6.415 2.5 6.415 2.475 6.415 0 P 14 N
A 3.0675985000 6.0237009000 3.0577559 6.0237009000 3.0626772000 6.0237009000 1 P 11 N
L 3.0577559 6.0237009000 3.0577559 6.0237009000 1 P 11
A 3.0577559 6.0237009000 3.0675985000 6.0237009000 3.0626772000 6.0237009000 1 P 11 N
A 3.0912205000 5.0077953000 3.0813779 5.0077953000 3.0862992 5.0077953000 1 P 11 N
L 3.0813779 5.0077953000 3.0813779 5.0077953000 1 P 11
A 3.0813779 5.0077953000 3.0912205000 5.0077953000 3.0862992 5.0077953000 1 P 11 N
A 3.1354331 4.7484646 3.1255905000 4.7484646 3.1305118000 4.7484646 1 P 11 N
L 3.1255905000 4.7484646 3.1255905000 4.7484646 1 P 11
A 3.1255905000 4.7484646 3.1354331 4.7484646 3.1305118000 4.7484646 1 P 11 N
A 3.1512598 5.0963780000 3.1276378000 5.0963780000 3.1394488000 5.0963780000 2 P 12 N
L 3.1276378000 5.0963780000 3.1276378000 5.0963780000 2 P 12
A 3.1276378000 5.0963780000 3.1512598 5.0963780000 3.1394488000 5.0963780000 2 P 12 N
A 3.1689764 5.9528347 3.1453544000 5.9528347 3.1571654000 5.9528347 2 P 12 N
L 3.1453544000 5.9528347 3.1453544000 5.9528347 2 P 12
A 3.1453544000 5.9528347 3.1689764 5.9528347 3.1571654000 5.9528347 2 P 12 N
A 3.228937 4.7069291000 3.2131890000 4.7069291000 3.221063 4.7069291000 3 P 15 N
L 3.2131890000 4.7069291000 3.2131890000 4.7069291000 3 P 15
A 3.2131890000 4.7069291000 3.228937 4.7069291000 3.221063 4.7069291000 3 P 15 N
A 5.4001969 6.2263781000 5.4275591000 6.1990159 5.4275591000 6.2263781000 4 P 13 N
A 5.4275591000 5.5009843000 5.4001969 5.4736221 5.4275591000 5.4736221 4 P 13 N
A 5.6088583000 5.5011812 5.6362205 5.5285434 5.6088583000 5.5285434 4 P 13 N
A 5.6362205 6.1714568000 5.6088583000 6.198819 5.6088583000 6.1714568000 4 P 13 N
L 2.3320000000 4.8180000000 2.3619903000 4.8180000000 0 P 14
L 2.3320000000 4.8779806000 2.3320000000 4.8180000000 0 P 14
L 2.3550000000 4.3000000000 2.3550000000 4.3599806 0 P 14
L 2.3550000000 4.3599806 2.3849903 4.3599806 0 P 14
L 2.3619903000 4.8180000000 2.3719871 4.8279968 0 P 14
L 2.3619903000 4.8779806000 2.3320000000 4.8779806000 0 P 14
L 2.3719871 4.8279968 2.3719871 4.8679838 0 P 14
L 2.3719871 4.8679838 2.3619903000 4.8779806000 0 P 14
L 2.3749935000 4.3199935000 2.3949871000 4.3000000000 0 P 14
L 2.3849903 4.3199935000 2.3550000000 4.3199935000 0 P 14
L 2.3849903 4.3599806 2.3949871000 4.3499838 0 P 14
L 2.3919806 4.8180000000 2.4119741 4.8180000000 0 P 14
L 2.3919806 4.8779806000 2.4119741 4.8779806000 0 P 14
L 2.3949871000 4.3299903 2.3849903 4.3199935000 0 P 14
L 2.3949871000 4.3499838 2.3949871000 4.3299903 0 P 14
L 2.395 4.49 2.395 4.6000000000 0 P 14
L 2.395 4.49 2.4400000000 4.445 0 P 14
L 2.395 4.6000000000 2.4400000000 4.6450000000 0 P 14
L 2.4019774000 4.8180000000 2.3919806 4.8180000000 0 P 14
L 2.4019774000 4.8779806000 2.4019774000 4.8180000000 0 P 14
L 2.4119741 4.8779806000 2.4019774000 4.8779806000 0 P 14
L 2.4149806000 4.3000000000 2.4549677 4.3000000000 0 P 14
L 2.4149806000 4.3299903 2.4349741000 4.3299903 0 P 14
L 2.4149806000 4.3599806 2.4149806000 4.3000000000 0 P 14
L 2.4400000000 4.445 2.5500000000 4.445 0 P 14
L 2.4400000000 4.6450000000 2.5500000000 4.6450000000 0 P 14
L 2.4419644000 4.8180000000 2.4419644000 4.8779806000 0 P 14
L 2.4419644000 4.8779806000 2.4719547000 4.8779806000 0 P 14
L 2.45 4.915 2.45 6.415 0 P 14
L 2.45 4.915 2.5 4.915 0 P 14
L 2.45 6.415 2.5 6.415 0 P 14
L 2.45 6.415 2.5 6.415 0 P 14
L 2.4549677 4.3599806 2.4149806000 4.3599806 0 P 14
L 2.4719547000 4.8379935000 2.4419644000 4.8379935000 0 P 14
L 2.4719547000 4.8779806000 2.4819515 4.8679838 0 P 14
L 2.4749612 4.3399871 2.4849580000 4.3299903 0 P 14
L 2.4749612 4.3499838 2.4749612 4.3399871 0 P 14
L 2.4819515 4.8479903 2.4719547000 4.8379935000 0 P 14
L 2.4819515 4.8679838 2.4819515 4.8479903 0 P 14
L 2.4849580000 4.3000000000 2.4749612 4.3099968 0 P 14
L 2.4849580000 4.3299903 2.5049515 4.3299903 0 P 14
L 2.4849580000 4.3599806 2.4749612 4.3499838 0 P 14
L 2.5 4.915 2.5 6.415 0 P 14
L 2.501945 4.8679838 2.5119418000 4.8779806000 0 P 14
L 2.5049515 4.3000000000 2.4849580000 4.3000000000 0 P 14
L 2.5049515 4.3299903 2.5149483000 4.3199935000 0 P 14
L 2.5049515 4.3599806 2.4849580000 4.3599806 0 P 14
L 2.5119418000 4.8180000000 2.501945 4.8279968 0 P 14
L 2.5119418000 4.8779806000 2.5319353 4.8779806000 0 P 14
L 2.5149483000 4.3099968 2.5049515 4.3000000000 0 P 14
L 2.5149483000 4.3199935000 2.5149483000 4.3099968 0 P 14
L 2.5149483000 4.3499838 2.5049515 4.3599806 0 P 14
L 2.5219385 4.8479903 2.5319353 4.8479903 0 P 14
L 2.5319353 4.8180000000 2.5119418000 4.8180000000 0 P 14
L 2.5319353 4.8479903 2.5219385 4.8479903 0 P 14
L 2.5319353 4.8479903 2.5419321000 4.8379935000 0 P 14
L 2.5319353 4.8779806000 2.5419321000 4.8679838 0 P 14
L 2.5349418000 4.3000000000 2.5749289 4.3000000000 0 P 14
L 2.5349418000 4.3299903 2.5549353000 4.3299903 0 P 14
L 2.5349418000 4.3599806 2.5349418000 4.3000000000 0 P 14
L 2.5419321000 4.8279968 2.5319353 4.8180000000 0 P 14
L 2.5419321000 4.8379935000 2.5419321000 4.8279968 0 P 14
L 2.5419321000 4.8579871000 2.5319353 4.8479903 0 P 14
L 2.5419321000 4.8679838 2.5419321000 4.8579871000 0 P 14
L 2.5500000000 4.445 2.595 4.49 0 P 14
L 2.5500000000 4.6450000000 2.595 4.6000000000 0 P 14
L 2.5619256000 4.8279968 2.5619256000 4.8679838 0 P 14
L 2.5619256000 4.8679838 2.5719224 4.8779806000 0 P 14
L 2.5719224 4.8180000000 2.5619256000 4.8279968 0 P 14
L 2.5719224 4.8779806000 2.5919159 4.8779806000 0 P 14
L 2.5749289 4.3599806 2.5349418000 4.3599806 0 P 14
L 2.5919159 4.8180000000 2.5719224 4.8180000000 0 P 14
L 2.5919159 4.8779806000 2.6019127 4.8679838 0 P 14
L 2.5949224 4.3599806 2.6349095 4.3599806 0 P 14
L 2.595 4.49 2.595 4.6000000000 0 P 14
L 2.6019127 4.8279968 2.5919159 4.8180000000 0 P 14
L 2.6019127 4.8679838 2.6019127 4.8279968 0 P 14
L 2.6100000000 5.5449968000 2.6199968 5.535 0 P 14
L 2.6100000000 5.5849838000 2.6100000000 5.5449968000 0 P 14
L 2.6100000000 5.7049968000 2.6199968 5.695 0 P 14
L 2.6100000000 5.7449838000 2.6100000000 5.7049968000 0 P 14
L 2.6149159 4.3599806 2.6149159 4.3000000000 0 P 14
L 2.6199968 5.535 2.6399903 5.535 0 P 14
L 2.6199968 5.5949806 2.6100000000 5.5849838000 0 P 14
L 2.6199968 5.695 2.6399903 5.695 0 P 14
L 2.6199968 5.7549806000 2.6100000000 5.7449838000 0 P 14
L 2.6349095 4.3599806 2.6149159 4.3599806 0 P 14
L 2.6399903 5.535 2.6499871 5.5449968000 0 P 14
L 2.6399903 5.5949806 2.6199968 5.5949806 0 P 14
L 2.6399903 5.695 2.6499871 5.7049968000 0 P 14
L 2.6399903 5.7549806000 2.6199968 5.7549806000 0 P 14
L 2.6499871 5.5849838000 2.6399903 5.5949806 0 P 14
L 2.6499871 5.7449838000 2.6399903 5.7549806000 0 P 14
L 2.6699806 5.535 2.7099677000 5.5749871 0 P 14
L 2.6699806 5.7449838000 2.6799774000 5.7549806000 0 P 14
L 2.6799774000 5.5949806 2.6699806 5.5849838000 0 P 14
L 2.6799774000 5.695 2.6699806 5.7049968000 0 P 14
L 2.6799774000 5.7549806000 2.6999709000 5.7549806000 0 P 14
L 2.6899741 5.7249903000 2.6999709000 5.7249903000 0 P 14
L 2.6999709000 5.5949806 2.6799774000 5.5949806 0 P 14
L 2.6999709000 5.695 2.6799774000 5.695 0 P 14
L 2.6999709000 5.7249903000 2.6899741 5.7249903000 0 P 14
L 2.6999709000 5.7249903000 2.7099677000 5.7149935 0 P 14
L 2.6999709000 5.7549806000 2.7099677000 5.7449838000 0 P 14
L 2.7099677000 5.535 2.6699806 5.535 0 P 14
L 2.7099677000 5.5749871 2.7099677000 5.5849838000 0 P 14
L 2.7099677000 5.5849838000 2.6999709000 5.5949806 0 P 14
L 2.7099677000 5.7049968000 2.6999709000 5.695 0 P 14
L 2.7099677000 5.7149935 2.7099677000 5.7049968000 0 P 14
L 2.7099677000 5.7349871000 2.6999709000 5.7249903000 0 P 14
L 2.7099677000 5.7449838000 2.7099677000 5.7349871000 0 P 14
L 2.7423620000 5.7230320000 2.7423620000 5.726968 4 P 13
L 2.7423622 5.5630314000 2.7423622 5.5669684 4 P 13
L 2.7550000000 4.7349968 2.7649968 4.7250000000 0 P 14
L 2.7550000000 4.7749838 2.7550000000 4.7349968 0 P 14
L 2.7649968 4.7250000000 2.7849903 4.7250000000 0 P 14
L 2.7649968 4.7849806000 2.7550000000 4.7749838 0 P 14
L 2.765 4.9650000000 2.765 5.0100000000 5 P 16
L 2.765 4.9650000000 2.785 4.9650000000 5 P 16
L 2.77 4.4649968000 2.7799968 4.455 0 P 14
L 2.77 4.5049838000 2.77 4.4649968000 0 P 14
L 2.77 5.0900000000 2.7999903 5.0900000000 0 P 14
L 2.77 5.1499806 2.77 5.0900000000 0 P 14
L 2.7799968 4.455 2.7999903 4.455 0 P 14
L 2.7799968 4.5149806 2.77 4.5049838000 0 P 14
L 2.7849903 4.7250000000 2.7949871 4.7349968 0 P 14
L 2.7849903 4.7849806000 2.7649968 4.7849806000 0 P 14
L 2.7876378 5.5630314000 2.7876378 5.5669684 4 P 13
L 2.7876380000 5.7230320000 2.7876380000 5.726968 4 P 13
L 2.7949871 4.7749838 2.7849903 4.7849806000 0 P 14
L 2.7999903 4.455 2.8099871000 4.4649968000 0 P 14
L 2.7999903 4.5149806 2.7799968 4.5149806 0 P 14
L 2.7999903 5.0900000000 2.8099871000 5.0999968 0 P 14
L 2.7999903 5.1499806 2.77 5.1499806 0 P 14
L 2.8099871000 4.5049838000 2.7999903 4.5149806 0 P 14
L 2.8099871000 5.0999968 2.8099871000 5.1399838 0 P 14
L 2.8099871000 5.1399838 2.7999903 5.1499806 0 P 14
L 2.813032 4.6303940000 2.816968 4.6303940000 4 P 13
L 2.813032 4.6796060000 2.816968 4.6796060000 4 P 13
L 2.8149806 4.7349968 2.8149806 4.7449935000 0 P 14
L 2.8149806 4.7449935000 2.8249774000 4.7549903 0 P 14
L 2.8149806 4.7649871000 2.8149806 4.7749838 0 P 14
L 2.8149806 4.7749838 2.8249774000 4.7849806000 0 P 14
L 2.8200000000 5.0550000000 2.825 5.0550000000 5 P 16
L 2.8249774000 4.7250000000 2.8149806 4.7349968 0 P 14
L 2.8249774000 4.7549903 2.8149806 4.7649871000 0 P 14
L 2.8249774000 4.7549903 2.8449709000 4.7549903 0 P 14
L 2.8249774000 4.7849806000 2.8449709000 4.7849806000 0 P 14
L 2.8299806000 4.455 2.8299806000 4.4949871 0 P 14
L 2.8299806000 4.4949871 2.8499741000 4.5149806 0 P 14
L 2.8299806000 5.0900000000 2.8699677 5.1299871 0 P 14
L 2.8399774000 5.1499806 2.8299806000 5.1399838 0 P 14
L 2.840472 5.5453540000 2.840472 5.714646 4 P 13
L 2.8449709000 4.7250000000 2.8249774000 4.7250000000 0 P 14
L 2.8449709000 4.7549903 2.8549677000 4.7449935000 0 P 14
L 2.8449709000 4.7849806000 2.8549677000 4.7749838 0 P 14
L 2.8499741000 4.5149806 2.8699677 4.4949871 0 P 14
L 2.8549677000 4.7349968 2.8449709000 4.7250000000 0 P 14
L 2.8549677000 4.7449935000 2.8549677000 4.7349968 0 P 14
L 2.8549677000 4.7649871000 2.8449709000 4.7549903 0 P 14
L 2.8549677000 4.7749838 2.8549677000 4.7649871000 0 P 14
L 2.8599709000 5.1499806 2.8399774000 5.1499806 0 P 14
L 2.8600000000 4.9650000000 2.8800000000 4.9650000000 5 P 16
L 2.8699677 4.455 2.8699677 4.4849903000 0 P 14
L 2.8699677 4.4849903000 2.8299806000 4.4849903000 0 P 14
L 2.8699677 4.4949871 2.8699677 4.455 0 P 14
L 2.8699677 5.0900000000 2.8299806000 5.0900000000 0 P 14
L 2.8699677 5.1299871 2.8699677 5.1399838 0 P 14
L 2.8699677 5.1399838 2.8599709000 5.1499806 0 P 14
L 2.8800000000 4.9650000000 2.8800000000 5.0100000000 5 P 16
L 2.8899612 4.455 2.8899612 4.5149806 0 P 14
L 2.8899612 4.5149806 2.9299483000 4.455 0 P 14
L 2.899528 5.5453540000 2.899528 5.714646 4 P 13
L 2.9250000000 5.1049968 2.9349968000 5.0950000000 0 P 14
L 2.9250000000 5.1449838 2.9250000000 5.1049968 0 P 14
L 2.9299483000 4.455 2.9299483000 4.5149806 0 P 14
L 2.9349968000 5.0950000000 2.9549903000 5.0950000000 0 P 14
L 2.9349968000 5.1549806 2.9250000000 5.1449838 0 P 14
L 2.9403940000 5.008032 2.9403940000 5.011968 4 P 13
L 2.9549903000 5.0950000000 2.9649871 5.1049968 0 P 14
L 2.9549903000 5.1549806 2.9349968000 5.1549806 0 P 14
L 2.9550194000 3.3350000000 2.9550194000 3.3649903 0 P 14
L 2.9550194000 3.3649903 2.9650162000 3.3749871000 0 P 14
L 2.9550194000 3.7148771000 2.9550194000 3.7248739000 0 P 14
L 2.9550194000 3.7248739000 3.0050032000 3.7248739000 0 P 14
L 2.9550194000 3.7348707 2.9550194000 3.7148771000 0 P 14
L 2.9649871 5.1449838 2.9549903000 5.1549806 0 P 14
L 2.9650162000 3.3749871000 2.9850097000 3.3749871000 0 P 14
L 2.9750129000 3.4049774000 2.9850097000 3.3949806000 0 P 14
L 2.9750129000 3.4249709000 2.9750129000 3.4049774000 0 P 14
L 2.9750129000 3.4549612 3.0050032000 3.4549612 0 P 14
L 2.9750129000 3.5249386 2.9750129000 3.5449321 0 P 14
L 2.9750129000 3.5449321 2.9850097000 3.5549289 0 P 14
L 2.9750129000 3.5749224 3.015 3.5749224 0 P 14
L 2.9750129000 3.5949159 2.9750129000 3.6049127000 0 P 14
L 2.9750129000 3.7648610000 2.9750129000 3.7848545000 0 P 14
L 2.9750129000 3.7848545000 2.9850097000 3.7948513000 0 P 14
L 2.9750129000 3.8248416 2.9850097000 3.8148448000 0 P 14
L 2.9750129000 3.8548319 2.9750129000 3.8248416 0 P 14
L 2.9849806 5.0950000000 3.0049741 5.0950000000 0 P 14
L 2.9850097000 3.3749871000 2.9950065 3.3649903 0 P 14
L 2.9850097000 3.3949806000 3.0050032000 3.3949806000 0 P 14
L 2.9850097000 3.4349677 2.9750129000 3.4249709000 0 P 14
L 2.9850097000 3.5149418000 2.9750129000 3.5249386 0 P 14
L 2.9850097000 3.5549289 2.9950065 3.5549289 0 P 14
L 2.9850097000 3.5849192000 2.9750129000 3.5949159 0 P 14
L 2.9850097000 3.7948513000 3.015 3.7948513000 0 P 14
L 2.9850097000 3.8148448000 3.0050032000 3.8148448000 0 P 14
L 2.989606 5.008032 2.989606 5.011968 4 P 13
L 2.9949774000 5.0950000000 2.9949774000 5.1549806 0 P 14
L 2.9949774000 5.1549806 2.9849806 5.1449838 0 P 14
L 2.9950065 3.3649903 2.9950065 3.3350000000 0 P 14
L 2.9950065 3.5549289 2.9950065 3.5149418000 0 P 14
L 2.9950065 3.5749224 2.9850097000 3.5849192000 0 P 14
L 2.9950065 3.7648610000 2.9950065 3.7948513000 0 P 14
L 2.9950065 3.8748254 2.9750129000 3.9048157000 0 P 14
L 2.9950065 3.8748254 3.015 3.9048157000 0 P 14
L 3 6.485 3 6.5850000000 6 P 17
L 3 6.485 3.6 6.485 6 P 17
L 3 6.5850000000 3.6 6.5850000000 6 P 17
L 3.0049741 5.0950000000 2.9949774000 5.0950000000 0 P 14
L 3.0050032000 3.3949806000 3.015 3.4049774000 0 P 14
L 3.0050032000 3.4349677 2.9850097000 3.4349677 0 P 14
L 3.0050032000 3.4549612 3.015 3.464958 0 P 14
L 3.0050032000 3.4749547 3.015 3.4849515 0 P 14
L 3.0050032000 3.4949483000 2.9750129000 3.4949483000 0 P 14
L 3.0050032000 3.5149418000 2.9850097000 3.5149418000 0 P 14
L 3.0050032000 3.7248739000 3.015 3.7148771000 0 P 14
L 3.0050032000 3.7548642 2.9950065 3.7648610000 0 P 14
L 3.0050032000 3.8148448000 3.015 3.8248416 0 P 14
L 3.0099224 4.4949871 3.0299159 4.4949871 0 P 14
L 3.015 3.3350000000 2.9550194000 3.3350000000 0 P 14
L 3.015 3.4049774000 3.015 3.4249709000 0 P 14
L 3.015 3.4249709000 3.0050032000 3.4349677 0 P 14
L 3.015 3.464958 3.0050032000 3.4749547 0 P 14
L 3.015 3.4849515 3.0050032000 3.4949483000 0 P 14
L 3.015 3.5249386 3.0050032000 3.5149418000 0 P 14
L 3.015 3.5449321 3.015 3.5249386 0 P 14
L 3.015 3.5749224 2.9950065 3.5749224 0 P 14
L 3.015 3.7048804000 3.0050032000 3.6948836000 0 P 14
L 3.015 3.7148771000 3.015 3.7048804000 0 P 14
L 3.015 3.7648610000 3.0050032000 3.7548642 0 P 14
L 3.015 3.7948513000 3.015 3.7648610000 0 P 14
L 3.015 3.8248416 3.015 3.8548319 0 P 14
L 3.015 3.8748254 2.9550194000 3.8748254 0 P 14
L 3.0199192000 4.4649968000 3.0299159 4.455 0 P 14
L 3.0199192000 4.4949871 3.0099224 4.4949871 0 P 14
L 3.0199192000 4.4949871 3.0199192000 4.4649968000 0 P 14
L 3.0199192000 4.5049838000 3.0199192000 4.4949871 0 P 14
L 3.0299159 4.4949871 3.0199192000 4.4949871 0 P 14
L 3.0500000000 5.5600000000 3.0500000000 5.5999871000 0 P 14
L 3.0500000000 5.5999871000 3.0699935000 5.6199806000 0 P 14
L 3.0599062000 4.455 3.0599062000 4.4749935 0 P 14
L 3.0599062000 4.4749935 3.069903 4.4849903000 0 P 14
L 3.0599062000 4.4949871 3.0599062000 4.455 0 P 14
L 3.069903 4.4849903000 3.0798997000 4.4949871 0 P 14
L 3.0699935000 5.6199806000 3.0899871 5.5999871000 0 P 14
L 3.0798997000 4.4949871 3.0898965 4.4949871 0 P 14
L 3.0899871 5.5600000000 3.0899871 5.5899903 0 P 14
L 3.0899871 5.5899903 3.0500000000 5.5899903 0 P 14
L 3.0899871 5.5999871000 3.0899871 5.5600000000 0 P 14
L 3.1000780000 5.0570080000 3.1000780000 5.1829920000 4 P 13
L 3.1000780000 5.0570080000 3.359922 5.0570080000 4 P 13
L 3.1000780000 5.1829920000 3.359922 5.1829920000 4 P 13
L 3.1099806 5.6199806000 3.1499677000 5.6199806000 0 P 14
L 3.1148420000 4.8799968000 3.1248388 4.87 0 P 14
L 3.1148420000 4.9199838000 3.1148420000 4.8799968000 0 P 14
L 3.1177960000 5.7677960000 3.1177960000 5.992204 4 P 13
L 3.1177960000 5.7677960000 3.342204 5.7677960000 4 P 13
L 3.1177960000 5.992204 3.342204 5.992204 4 P 13
L 3.1198868 4.4649968000 3.1298836000 4.4749935 0 P 14
L 3.1248388 4.87 3.1448323 4.87 0 P 14
L 3.1248388 4.9299806 3.1148420000 4.9199838000 0 P 14
L 3.1298836000 4.455 3.1198868 4.4649968000 0 P 14
L 3.1298836000 4.4749935 3.1598739 4.4749935 0 P 14
L 3.1298836000 4.4949871 3.1498771000 4.4949871 0 P 14
L 3.1299741 5.6199806000 3.1299741 5.5600000000 0 P 14
L 3.1448323 4.87 3.1548291 4.8799968000 0 P 14
L 3.1448323 4.9299806 3.1248388 4.9299806 0 P 14
L 3.1498771000 4.4949871 3.1598739 4.4849903000 0 P 14
L 3.1499677000 5.6199806000 3.1299741 5.6199806000 0 P 14
L 3.1548291 4.9199838000 3.1448323 4.9299806 0 P 14
L 3.1598739 4.455 3.1298836000 4.455 0 P 14
L 3.1598739 4.4849903000 3.1598739 4.455 0 P 14
L 3.1699612000 5.5600000000 3.1699612000 5.5999871000 0 P 14
L 3.1699612000 5.5999871000 3.179958 5.5999871000 0 P 14
L 3.1748226 4.87 3.1748226 4.9099871 0 P 14
L 3.1748226 4.9099871 3.1948161 4.9299806 0 P 14
L 3.1798674 4.455 3.1798674 4.4949871 0 P 14
L 3.1798674 4.4949871 3.2098577 4.4949871 0 P 14
L 3.179958 5.5999871000 3.1899547000 5.5899903 0 P 14
L 3.189566 4.5415740000 3.189566 4.7384260000 4 P 13
L 3.189566 4.5415740000 3.260434 4.5415740000 4 P 13
L 3.189566 4.7384260000 3.260434 4.7384260000 4 P 13
L 3.1899547000 5.5600000000 3.1899547000 5.5899903 0 P 14
L 3.1899547000 5.5899903 3.1899547000 5.5600000000 0 P 14
L 3.1899547000 5.5899903 3.1999515 5.5999871000 0 P 14
L 3.1948161 4.9299806 3.2148097000 4.9099871 0 P 14
L 3.1999515 5.5999871000 3.2099483 5.5899903 0 P 14
L 3.2098577 4.4949871 3.2198545000 4.4849903000 0 P 14
L 3.2099483 5.5899903 3.2099483 5.5600000000 0 P 14
L 3.2148097000 4.87 3.2148097000 4.8999903000 0 P 14
L 3.2148097000 4.8999903000 3.1748226 4.8999903000 0 P 14
L 3.2148097000 4.9099871 3.2148097000 4.87 0 P 14
L 3.2198545000 4.4849903000 3.2198545000 4.455 0 P 14
L 3.2299418 5.5699968 3.2299418 5.5899903 0 P 14
L 3.2299418 5.5899903 3.2399386000 5.5999871000 0 P 14
L 3.2348032000 4.87 3.2348032000 4.9299806 0 P 14
L 3.2348032000 4.9299806 3.2747903000 4.87 0 P 14
L 3.2398480000 4.4649968000 3.2498448000 4.455 0 P 14
L 3.2398480000 4.4849903000 3.2398480000 4.4649968000 0 P 14
L 3.2399386000 5.5600000000 3.2299418 5.5699968 0 P 14
L 3.2399386000 5.5999871000 3.2599321000 5.5999871000 0 P 14
L 3.2498448000 4.455 3.2798351 4.455 0 P 14
L 3.2498448000 4.4949871 3.2398480000 4.4849903000 0 P 14
L 3.2599321000 5.5600000000 3.2399386000 5.5600000000 0 P 14
L 3.2599321000 5.5999871000 3.2699289 5.5899903 0 P 14
L 3.260434 4.5415740000 3.260434 4.7384260000 4 P 13
L 3.2699289 5.5799935000 3.2299418 5.5799935000 0 P 14
L 3.2699289 5.5899903 3.2699289 5.5799935000 0 P 14
L 3.2747903000 4.87 3.2747903000 4.9299806 0 P 14
L 3.2798351 4.4949871 3.2498448000 4.4949871 0 P 14
L 3.2899224 5.5699968 3.2999192 5.5600000000 0 P 14
L 3.2899224 5.5899903 3.2899224 5.5699968 0 P 14
L 3.2998286 4.455 3.3198221 4.455 0 P 14
L 3.2999192 5.5600000000 3.3299095000 5.5600000000 0 P 14
L 3.2999192 5.5999871000 3.2899224 5.5899903 0 P 14
L 3.3098254000 4.455 3.3098254000 4.4949871 0 P 14
L 3.3098254000 4.4949871 3.2998286 4.4949871 0 P 14
L 3.3099159 5.5400065000 3.3199127 5.5400065000 0 P 14
L 3.3198221 4.455 3.3098254000 4.455 0 P 14
L 3.3199127 5.5400065000 3.3299095000 5.5500032000 0 P 14
L 3.3299095000 5.5500032000 3.3299095000 5.5999871000 0 P 14
L 3.3299095000 5.5999871000 3.2999192 5.5999871000 0 P 14
L 3.342204 5.7677960000 3.342204 5.992204 4 P 13
L 3.3498124000 4.4649968000 3.3498124000 4.4849903000 0 P 14
L 3.3498124000 4.4849903000 3.3598092000 4.4949871 0 P 14
L 3.3499030000 5.5699968 3.3598998000 5.5799935000 0 P 14
L 3.3547644 4.8799968000 3.3647612000 4.87 0 P 14
L 3.3547644 4.8999903000 3.3547644 4.8799968000 0 P 14
L 3.3598092000 4.455 3.3498124000 4.4649968000 0 P 14
L 3.3598092000 4.4949871 3.3798027000 4.4949871 0 P 14
L 3.3598998000 5.5600000000 3.3499030000 5.5699968 0 P 14
L 3.3598998000 5.5799935000 3.3898901 5.5799935000 0 P 14
L 3.3598998000 5.5999871000 3.3798933000 5.5999871000 0 P 14
L 3.359922 5.0570080000 3.359922 5.1829920000 4 P 13
L 3.3647612000 4.87 3.3947515000 4.87 0 P 14
L 3.3647612000 4.9099871 3.3547644 4.8999903000 0 P 14
L 3.378032 6.205394 3.381968 6.205394 4 P 13
L 3.378032 6.2546060000 3.381968 6.2546060000 4 P 13
L 3.3798027000 4.455 3.3598092000 4.455 0 P 14
L 3.3798027000 4.4949871 3.3897995 4.4849903000 0 P 14
L 3.3798933000 5.5999871000 3.3898901 5.5899903 0 P 14
L 3.3897995 4.4749935 3.3498124000 4.4749935 0 P 14
L 3.3897995 4.4849903000 3.3897995 4.4749935 0 P 14
L 3.3898901 5.5600000000 3.3598998000 5.5600000000 0 P 14
L 3.3898901 5.5899903 3.3898901 5.5600000000 0 P 14
L 3.3947515000 4.9099871 3.3647612000 4.9099871 0 P 14
L 3.409793 4.4949871 3.4297865 4.455 0 P 14
L 3.4147450000 4.8799968000 3.4247418 4.87 0 P 14
L 3.4147450000 4.8999903000 3.4147450000 4.8799968000 0 P 14
L 3.4247418 4.87 3.4447353 4.87 0 P 14
L 3.4247418 4.9099871 3.4147450000 4.8999903000 0 P 14
L 3.4297865 4.455 3.4497801000 4.4949871 0 P 14
L 3.4447353 4.87 3.4547321 4.8799968000 0 P 14
L 3.4447353 4.9099871 3.4247418 4.9099871 0 P 14
L 3.4547321 4.8799968000 3.4547321 4.8999903000 0 P 14
L 3.4547321 4.8999903000 3.4447353 4.9099871 0 P 14
L 3.4650194 6.1899968 3.4750162 6.1800000000 0 P 14
L 3.4650194 6.2099903 3.4650194 6.1899968 0 P 14
L 3.4650194 6.2699709000 3.4950097 6.2399806000 0 P 14
L 3.4697736000 4.4649968000 3.4697736000 4.4849903000 0 P 14
L 3.4697736000 4.4849903000 3.4797704 4.4949871 0 P 14
L 3.470472 5.0353540000 3.470472 5.204646 4 P 13
L 3.4747256 4.87 3.4747256 4.9099871 0 P 14
L 3.4747256 4.9099871 3.5047159000 4.9099871 0 P 14
L 3.4750162 6.1800000000 3.5150032 6.1800000000 0 P 14
L 3.4750162 6.2199871000 3.4650194 6.2099903 0 P 14
L 3.4797704 4.455 3.4697736000 4.4649968000 0 P 14
L 3.4797704 4.4949871 3.4997639 4.4949871 0 P 14
L 3.4950097 6.2399806000 3.4950097 6.2799677 0 P 14
L 3.4997639 4.455 3.4797704 4.455 0 P 14
L 3.4997639 4.4949871 3.5097607 4.4849903000 0 P 14
L 3.5047159000 4.9099871 3.5147127 4.8999903000 0 P 14
L 3.5097607 4.4749935 3.4697736000 4.4749935 0 P 14
L 3.5097607 4.4849903000 3.5097607 4.4749935 0 P 14
L 3.5147127 4.8999903000 3.5147127 4.87 0 P 14
L 3.5150032 6.1800000000 3.5250000000 6.1899968 0 P 14
L 3.5250000000 6.1899968 3.5250000000 6.2099903 0 P 14
L 3.5250000000 6.2099903 3.5150032 6.2199871000 0 P 14
L 3.5250000000 6.2699709000 3.4650194 6.2699709000 0 P 14
L 3.5295280000 5.0353540000 3.5295280000 5.204646 4 P 13
L 3.5297542 4.455 3.5297542 4.4749935 0 P 14
L 3.5297542 4.4749935 3.5397510000 4.4849903000 0 P 14
L 3.5297542 4.4949871 3.5297542 4.455 0 P 14
L 3.5347062 4.9099871 3.5546997 4.9099871 0 P 14
L 3.5397510000 4.4849903000 3.5497477 4.4949871 0 P 14
L 3.544703 4.8799968000 3.5546997 4.87 0 P 14
L 3.544703 4.9099871 3.5347062 4.9099871 0 P 14
L 3.544703 4.9099871 3.544703 4.8799968000 0 P 14
L 3.544703 4.9199838000 3.544703 4.9099871 0 P 14
L 3.5497477 4.4949871 3.5597445000 4.4949871 0 P 14
L 3.5546997 4.9099871 3.544703 4.9099871 0 P 14
L 3.5650000000 4.1750000000 3.5650000000 4.2349806 0 P 14
L 3.5650000000 4.2349806 3.5949903 4.2349806 0 P 14
L 3.58469 4.87 3.58469 4.8899935 0 P 14
L 3.58469 4.8899935 3.5946868000 4.8999903000 0 P 14
L 3.58469 4.9099871 3.58469 4.87 0 P 14
L 3.5849935000 4.1949935000 3.6049871 4.1750000000 0 P 14
L 3.5850000000 4.5634640000 3.5850000000 4.6234446 0 P 14
L 3.5850000000 4.6234446 3.6149903 4.6234446 0 P 14
L 3.5946868000 4.8999903000 3.6046835 4.9099871 0 P 14
L 3.5949903 4.1949935000 3.5650000000 4.1949935000 0 P 14
L 3.5949903 4.2349806 3.6049871 4.2249838 0 P 14
L 3.595 5.9349968 3.6049968000 5.9250000000 0 P 14
L 3.595 5.9749838 3.595 5.9349968 0 P 14
L 3.595394 5.838032 3.595394 5.8419680000 4 P 13
L 3.6 6.485 3.6 6.5850000000 6 P 17
L 3.6046835 4.9099871 3.6146803000 4.9099871 0 P 14
L 3.6049871 4.2049903 3.5949903 4.1949935000 0 P 14
L 3.6049871 4.2249838 3.6049871 4.2049903 0 P 14
L 3.6049935000 4.5834575000 3.6249871000 4.5634640000 0 P 14
L 3.6049968000 5.9250000000 3.6249903000 5.9250000000 0 P 14
L 3.6049968000 5.9849806 3.595 5.9749838 0 P 14
L 3.6050000000 5.3099968 3.6149968 5.3000000000 0 P 14
L 3.6050000000 5.3499838 3.6050000000 5.3099968 0 P 14
L 3.6083464000 4.4880316 3.6083464000 4.4919686000 4 P 13
L 3.6149903 4.5834575000 3.5850000000 4.5834575000 0 P 14
L 3.6149903 4.6234446 3.6249871000 4.6134478 0 P 14
L 3.6149968 5.3000000000 3.6349903 5.3000000000 0 P 14
L 3.6149968 5.3599806 3.6050000000 5.3499838 0 P 14
L 3.6249806 4.1750000000 3.6649677 4.1750000000 0 P 14
L 3.6249806 4.2049903 3.6449741 4.2049903 0 P 14
L 3.6249806 4.2349806 3.6249806 4.1750000000 0 P 14
L 3.6249871000 4.5934543 3.6149903 4.5834575000 0 P 14
L 3.6249871000 4.6134478 3.6249871000 4.5934543 0 P 14
L 3.6249903000 5.9250000000 3.6349871 5.9349968 0 P 14
L 3.6249903000 5.9849806 3.6049968000 5.9849806 0 P 14
L 3.627362 5.033032 3.627362 5.0369680000 4 P 13
L 3.627362 5.213032 3.627362 5.2169680000 4 P 13
L 3.6349871 5.9749838 3.6249903000 5.9849806 0 P 14
L 3.6349903 5.3000000000 3.6449871000 5.3099968 0 P 14
L 3.6349903 5.3599806 3.6149968 5.3599806 0 P 14
L 3.6399968 6.5100000000 3.6300000000 6.5199968 0 P 14
L 3.644606 5.838032 3.644606 5.8419680000 4 P 13
L 3.6446706000 4.8799968000 3.6546674 4.87 0 P 14
L 3.6446706000 4.8999903000 3.6446706000 4.8799968000 0 P 14
L 3.6449806000 4.5634640000 3.6849677 4.6034511 0 P 14
L 3.6449871000 5.3499838 3.6349903 5.3599806 0 P 14
L 3.6499935000 6.5100000000 3.6399968 6.5100000000 0 P 14
L 3.6499935000 6.5699806 3.6599903 6.5699806 0 P 14
L 3.6516535 4.4880316 3.6516535 4.4919686000 4 P 13
L 3.6546674 4.87 3.6746609 4.87 0 P 14
L 3.6546674 4.9099871 3.6446706000 4.8999903000 0 P 14
L 3.6549774000 4.6234446 3.6449806000 4.6134478 0 P 14
L 3.6549806 5.9349968 3.6549806 5.9449935000 0 P 14
L 3.6549806 5.9449935000 3.6649774 5.9549903 0 P 14
L 3.6549806 5.9649871 3.6549806 5.9749838 0 P 14
L 3.6549806 5.9749838 3.6649774 5.9849806 0 P 14
L 3.6599903 6.5199968 3.6499935000 6.5100000000 0 P 14
L 3.6599903 6.5699806 3.6599903 6.5199968 0 P 14
L 3.6630000000 3.5210000000 4.5550000000 3.5210000000 7 P 18
L 3.6630000000 3.523 4.5550000000 3.523 7 P 18
L 3.6630000000 3.5250000000 4.5550000000 3.5250000000 7 P 18
L 3.6630000000 3.527 4.5550000000 3.527 7 P 18
L 3.6630000000 3.5290000000 4.5550000000 3.5290000000 7 P 18
L 3.6630000000 3.531 4.5550000000 3.531 7 P 18
L 3.6649677 4.2349806 3.6249806 4.2349806 0 P 14
L 3.6649774 5.9250000000 3.6549806 5.9349968 0 P 14
L 3.6649774 5.9549903 3.6549806 5.9649871 0 P 14
L 3.6649774 5.9549903 3.6849709 5.9549903 0 P 14
L 3.6649774 5.9849806 3.6849709 5.9849806 0 P 14
L 3.6649806000 5.3099968 3.6649806000 5.3000000000 0 P 14
L 3.6649806000 5.3599806 3.7049677 5.3599806 0 P 14
L 3.665 3.5330000000 4.5550000000 3.5330000000 7 P 18
L 3.6699871 6.5699806 3.6499935000 6.5699806 0 P 14
L 3.672638 5.033032 3.672638 5.0369680000 4 P 13
L 3.672638 5.213032 3.672638 5.2169680000 4 P 13
L 3.6746609 4.87 3.6846577000 4.8799968000 0 P 14
L 3.6746609 4.9099871 3.6546674 4.9099871 0 P 14
L 3.6749709000 4.6234446 3.6549774000 4.6234446 0 P 14
L 3.681 3.591 3.8670000000 3.591 7 P 18
L 3.681 3.5930000000 3.869 3.5930000000 7 P 18
L 3.681 3.595 3.761 3.595 7 P 18
L 3.681 3.5970000000 3.745 3.5970000000 7 P 18
L 3.681 3.599 3.7390000000 3.599 7 P 18
L 3.681 3.6010000000 3.7350000000 3.6010000000 7 P 18
L 3.681 3.603 3.733 3.603 7 P 18
L 3.681 3.6050000000 3.733 3.6050000000 7 P 18
L 3.681 3.607 3.7310000000 3.607 7 P 18
L 3.681 3.6090000000 3.7310000000 3.6090000000 7 P 18
L 3.6830000000 3.5850000000 3.861 3.5850000000 7 P 18
L 3.6830000000 3.587 3.8630000000 3.587 7 P 18
L 3.6830000000 3.5890000000 3.865 3.5890000000 7 P 18
L 3.6830000000 3.611 3.7310000000 3.611 7 P 18
L 3.6830000000 3.6130000000 3.7310000000 3.6130000000 7 P 18
L 3.6830000000 3.615 3.7310000000 3.615 7 P 18
L 3.6830000000 3.6170000000 3.733 3.6170000000 7 P 18
L 3.6846577000 4.8799968000 3.6846577000 4.8999903000 0 P 14
L 3.6846577000 4.8999903000 3.6746609 4.9099871 0 P 14
L 3.6849612 4.2149871 3.694958 4.2049903 0 P 14
L 3.6849612 4.2249838 3.6849612 4.2149871 0 P 14
L 3.6849677 4.5634640000 3.6449806000 4.5634640000 0 P 14
L 3.6849677 4.6034511 3.6849677 4.6134478 0 P 14
L 3.6849677 4.6134478 3.6749709000 4.6234446 0 P 14
L 3.6849709 5.9250000000 3.6649774 5.9250000000 0 P 14
L 3.6849709 5.9549903 3.6949677000 5.9449935000 0 P 14
L 3.6849709 5.9849806 3.6949677000 5.9749838 0 P 14
L 3.685 3.5810000000 3.857 3.5810000000 7 P 18
L 3.685 3.583 3.8590000000 3.583 7 P 18
L 3.685 3.619 3.733 3.619 7 P 18
L 3.685 3.6210000000 3.733 3.6210000000 7 P 18
L 3.685 3.623 3.733 3.623 7 P 18
L 3.6870000000 3.5770000000 3.8510000000 3.5770000000 7 P 18
L 3.6870000000 3.579 3.8550000000 3.579 7 P 18
L 3.6870000000 3.625 3.7350000000 3.625 7 P 18
L 3.6870000000 3.6270000000 3.7350000000 3.6270000000 7 P 18
L 3.6870000000 3.629 3.737 3.629 7 P 18
L 3.689 3.575 3.849 3.575 7 P 18
L 3.689 3.6310000000 3.737 3.6310000000 7 P 18
L 3.689 3.633 3.737 3.633 7 P 18
L 3.6899806 6.5100000000 3.6899806 6.5699806 0 P 14
L 3.6899806 6.5699806 3.7199709000 6.5699806 0 P 14
L 3.6910000000 3.5730000000 3.845 3.5730000000 7 P 18
L 3.6910000000 3.6350000000 3.7390000000 3.6350000000 7 P 18
L 3.6910000000 3.637 3.7390000000 3.637 7 P 18
L 3.6910000000 3.6390000000 3.7390000000 3.6390000000 7 P 18
L 3.693 3.571 3.8430000000 3.571 7 P 18
L 3.693 3.641 3.741 3.641 7 P 18
L 3.693 3.6430000000 3.741 3.6430000000 7 P 18
L 3.693 3.645 3.741 3.645 7 P 18
L 3.694958 4.1750000000 3.6849612 4.1849968 0 P 14
L 3.694958 4.2049903 3.7149515 4.2049903 0 P 14
L 3.694958 4.2349806 3.6849612 4.2249838 0 P 14
L 3.6949677000 5.9349968 3.6849709 5.9250000000 0 P 14
L 3.6949677000 5.9449935000 3.6949677000 5.9349968 0 P 14
L 3.6949677000 5.9649871 3.6849709 5.9549903 0 P 14
L 3.6949677000 5.9749838 3.6949677000 5.9649871 0 P 14
L 3.6950000000 3.5690000000 3.8390000000 3.5690000000 7 P 18
L 3.6950000000 3.6470000000 3.7430000000 3.6470000000 7 P 18
L 3.6950000000 3.649 3.7430000000 3.649 7 P 18
L 3.6950000000 3.6510000000 3.7430000000 3.6510000000 7 P 18
L 3.697 3.653 3.745 3.653 7 P 18
L 3.697 3.6550000000 3.745 3.6550000000 7 P 18
L 3.697 3.657 3.7470000000 3.657 7 P 18
L 3.6990000000 3.567 3.8350000000 3.567 7 P 18
L 3.6990000000 3.6590000000 3.7470000000 3.6590000000 7 P 18
L 3.6990000000 3.661 3.7470000000 3.661 7 P 18
L 3.701 3.6630000000 3.749 3.6630000000 7 P 18
L 3.701 3.665 3.749 3.665 7 P 18
L 3.701 3.6670000000 3.749 3.6670000000 7 P 18
L 3.7030000000 3.5650000000 3.8310000000 3.5650000000 7 P 18
L 3.7030000000 3.669 3.7510000000 3.669 7 P 18
L 3.7030000000 3.6710000000 3.7510000000 3.6710000000 7 P 18
L 3.7030000000 3.673 3.7510000000 3.673 7 P 18
L 3.7046512000 4.87 3.7246447000 4.87 0 P 14
L 3.7049677 5.3499838 3.6649806000 5.3099968 0 P 14
L 3.7049677 5.3599806 3.7049677 5.3499838 0 P 14
L 3.705 3.6750000000 3.753 3.6750000000 7 P 18
L 3.705 3.677 3.753 3.677 7 P 18
L 3.705 3.6790000000 3.753 3.6790000000 7 P 18
L 3.7070000000 3.563 3.825 3.563 7 P 18
L 3.7070000000 3.681 3.7550000000 3.681 7 P 18
L 3.7070000000 3.6830000000 3.7550000000 3.6830000000 7 P 18
L 3.7070000000 3.685 3.757 3.685 7 P 18
L 3.709 3.6870000000 3.757 3.6870000000 7 P 18
L 3.709 3.689 3.757 3.689 7 P 18
L 3.709 3.6910000000 3.7590000000 3.6910000000 7 P 18
L 3.7100000000 5.0199968 3.7199968 5.0100000000 0 P 14
L 3.7100000000 5.0599838 3.7100000000 5.0199968 0 P 14
L 3.7110000000 3.5610000000 3.8190000000 3.5610000000 7 P 18
L 3.7110000000 3.693 3.7590000000 3.693 7 P 18
L 3.7110000000 3.6950000000 3.7590000000 3.6950000000 7 P 18
L 3.713 3.697 3.761 3.697 7 P 18
L 3.713 3.6990000000 3.761 3.6990000000 7 P 18
L 3.713 3.701 3.761 3.701 7 P 18
L 3.7146480000 4.87 3.7146480000 4.9299806 0 P 14
L 3.7146480000 4.9299806 3.7046512000 4.9299806 0 P 14
L 3.7149515 4.1750000000 3.694958 4.1750000000 0 P 14
L 3.7149515 4.2049903 3.7249483000 4.1949935000 0 P 14
L 3.7149515 4.2349806 3.694958 4.2349806 0 P 14
L 3.7150000000 3.7030000000 3.7630000000 3.7030000000 7 P 18
L 3.7150000000 3.705 3.7630000000 3.705 7 P 18
L 3.7150000000 3.7070000000 3.7630000000 3.7070000000 7 P 18
L 3.7190000000 3.559 3.8110000000 3.559 7 P 18
L 3.7190000000 3.733 4.583 3.733 7 P 18
L 3.7190000000 3.7350000000 4.583 3.7350000000 7 P 18
L 3.7190000000 3.737 4.583 3.737 7 P 18
L 3.7199709000 6.5299935000 3.6899806 6.5299935000 0 P 14
L 3.7199709000 6.5699806 3.7299677000 6.5599838 0 P 14
L 3.7199968 5.0100000000 3.7399903 5.0100000000 0 P 14
L 3.7199968 5.0699806 3.7100000000 5.0599838 0 P 14
L 3.721 3.7390000000 4.583 3.7390000000 7 P 18
L 3.721 3.741 4.583 3.741 7 P 18
L 3.721 3.7430000000 4.583 3.7430000000 7 P 18
L 3.7246447000 4.87 3.7146480000 4.87 0 P 14
L 3.7249483000 4.1849968 3.7149515 4.1750000000 0 P 14
L 3.7249483000 4.1949935000 3.7249483000 4.1849968 0 P 14
L 3.7249483000 4.2249838 3.7149515 4.2349806 0 P 14
L 3.7270000000 3.5570000000 3.801 3.5570000000 7 P 18
L 3.7299677000 6.5399903 3.7199709000 6.5299935000 0 P 14
L 3.7299677000 6.5599838 3.7299677000 6.5399903 0 P 14
L 3.7399903 5.0100000000 3.7499871000 5.0199968 0 P 14
L 3.7399903 5.0699806 3.7199968 5.0699806 0 P 14
L 3.7449418000 4.1750000000 3.7849289 4.1750000000 0 P 14
L 3.7449418000 4.2049903 3.7649353000 4.2049903 0 P 14
L 3.7449418000 4.2349806 3.7449418000 4.1750000000 0 P 14
L 3.745 3.555 3.7870000000 3.555 7 P 18
L 3.7499612000 6.5399903 3.7699547000 6.5499871 0 P 14
L 3.7499612000 6.5699806 3.7499612000 6.5399903 0 P 14
L 3.7499871000 5.0599838 3.7399903 5.0699806 0 P 14
L 3.7546350000 4.87 3.7746285000 4.87 0 P 14
L 3.756378 4.663032 3.756378 4.6669680000 4 P 13
L 3.759958 6.5100000000 3.7499612000 6.5199968 0 P 14
L 3.7603936 4.4830316 3.7603936 4.4869686000 4 P 13
L 3.7646318 4.87 3.7646318 4.9299806 0 P 14
L 3.7646318 4.9299806 3.7546350000 4.9299806 0 P 14
L 3.7699547000 6.5499871 3.7799515 6.5499871 0 P 14
L 3.7699806000 5.0199968 3.7799774000 5.0100000000 0 P 14
L 3.7699806000 5.0399903 3.7699806000 5.0199968 0 P 14
L 3.7746285000 4.87 3.7646318 4.87 0 P 14
L 3.7799515 6.5100000000 3.759958 6.5100000000 0 P 14
L 3.7799515 6.5499871 3.7899483000 6.5399903 0 P 14
L 3.7799774000 5.0100000000 3.7999709000 5.0100000000 0 P 14
L 3.7849289 4.2349806 3.7449418000 4.2349806 0 P 14
L 3.7899483000 6.5199968 3.7799515 6.5100000000 0 P 14
L 3.7899483000 6.5399903 3.7899483000 6.5199968 0 P 14
L 3.7899483000 6.5699806 3.7499612000 6.5699806 0 P 14
L 3.7899741000 5.0599838 3.7699806000 5.0399903 0 P 14
L 3.7950000000 3.595 3.869 3.595 7 P 18
L 3.7999709000 5.0100000000 3.8099677 5.0199968 0 P 14
L 3.7999709000 5.0399903 3.7699806000 5.0399903 0 P 14
L 3.8036220000 4.663032 3.8036220000 4.6669680000 4 P 13
L 3.8046188 4.8799968000 3.8046188 4.8999903000 0 P 14
L 3.8046188 4.8999903000 3.8146156 4.9099871 0 P 14
L 3.8049224 4.2349806 3.8449095000 4.2349806 0 P 14
L 3.8070000000 3.5970000000 3.8710000000 3.5970000000 7 P 18
L 3.8096062 4.4830316 3.8096062 4.4869686000 4 P 13
L 3.8099677 5.0199968 3.8099677 5.0299935000 0 P 14
L 3.8099677 5.0299935000 3.7999709000 5.0399903 0 P 14
L 3.8099677 5.0699806 3.7899741000 5.0599838 0 P 14
L 3.8146156 4.87 3.8046188 4.8799968000 0 P 14
L 3.8146156 4.9099871 3.8346091 4.9099871 0 P 14
L 3.8150000000 3.599 3.873 3.599 7 P 18
L 3.8150000000 4.735 3.8150000000 4.7949806000 0 P 14
L 3.8150000000 4.7949806000 3.8449903 4.7949806000 0 P 14
L 3.8190000000 3.6010000000 3.875 3.6010000000 7 P 18
L 3.8230000000 3.603 3.875 3.603 7 P 18
L 3.8249159 4.2349806 3.8249159 4.1750000000 0 P 14
L 3.825 3.6050000000 3.8770000000 3.6050000000 7 P 18
L 3.8270000000 3.607 3.8770000000 3.607 7 P 18
L 3.8270000000 5.3000000000 3.8270000000 5.3599806 0 P 14
L 3.8270000000 5.3599806 3.8569903 5.3599806 0 P 14
L 3.829 3.6090000000 3.879 3.6090000000 7 P 18
L 3.8310000000 3.611 3.879 3.611 7 P 18
L 3.8310000000 3.6130000000 3.8810000000 3.6130000000 7 P 18
L 3.8313781000 5.1980314000 3.8313781000 5.2019684 4 P 13
L 3.833 3.615 3.8810000000 3.615 7 P 18
L 3.833 3.6170000000 3.883 3.6170000000 7 P 18
L 3.8346091 4.87 3.8146156 4.87 0 P 14
L 3.8346091 4.9099871 3.8446059000 4.8999903000 0 P 14
L 3.8349935000 4.7549935 3.8549871 4.735 0 P 14
L 3.8350000000 3.619 3.883 3.619 7 P 18
L 3.8350000000 3.6210000000 3.8850000000 3.6210000000 7 P 18
L 3.837 3.623 3.8850000000 3.623 7 P 18
L 3.837 3.625 3.8850000000 3.625 7 P 18
L 3.837 3.6270000000 3.887 3.6270000000 7 P 18
L 3.8390000000 3.629 3.887 3.629 7 P 18
L 3.8390000000 3.6310000000 3.887 3.6310000000 7 P 18
L 3.8390000000 3.633 3.8890000000 3.633 7 P 18
L 3.841 3.6350000000 3.8890000000 3.6350000000 7 P 18
L 3.841 3.637 3.8890000000 3.637 7 P 18
L 3.841 3.6390000000 3.891 3.6390000000 7 P 18
L 3.8430000000 3.641 3.891 3.641 7 P 18
L 3.8430000000 3.6430000000 3.891 3.6430000000 7 P 18
L 3.8446059000 4.8899935 3.8046188 4.8899935 0 P 14
L 3.8446059000 4.8999903000 3.8446059000 4.8899935 0 P 14
L 3.8449095000 4.2349806 3.8249159 4.2349806 0 P 14
L 3.8449903 4.7549935 3.8150000000 4.7549935 0 P 14
L 3.8449903 4.7949806000 3.8549871 4.7849838 0 P 14
L 3.845 3.645 3.8930000000 3.645 7 P 18
L 3.845 3.6470000000 3.8930000000 3.6470000000 7 P 18
L 3.845 3.649 3.895 3.649 7 P 18
L 3.8469935000 5.3199935000 3.8669871000 5.3000000000 0 P 14
L 3.8470000000 3.6510000000 3.895 3.6510000000 7 P 18
L 3.8470000000 3.653 3.895 3.653 7 P 18
L 3.8470000000 3.6550000000 3.8970000000 3.6550000000 7 P 18
L 3.849 3.657 3.8970000000 3.657 7 P 18
L 3.849 3.6590000000 3.8970000000 3.6590000000 7 P 18
L 3.849 3.661 3.899 3.661 7 P 18
L 3.8510000000 3.361 3.8550000000 3.361 7 P 18
L 3.8510000000 3.6630000000 3.899 3.6630000000 7 P 18
L 3.8510000000 3.665 3.899 3.665 7 P 18
L 3.8510000000 3.6670000000 3.9010000000 3.6670000000 7 P 18
L 3.853 3.3630000000 3.857 3.3630000000 7 P 18
L 3.853 3.365 3.861 3.365 7 P 18
L 3.853 3.669 3.9010000000 3.669 7 P 18
L 3.853 3.6710000000 3.9010000000 3.6710000000 7 P 18
L 3.853 3.673 3.903 3.673 7 P 18
L 3.8549871 4.7649903 3.8449903 4.7549935 0 P 14
L 3.8549871 4.7849838 3.8549871 4.7649903 0 P 14
L 3.8550000000 3.3670000000 3.8630000000 3.3670000000 7 P 18
L 3.8550000000 3.6750000000 3.903 3.6750000000 7 P 18
L 3.8550000000 3.677 3.903 3.677 7 P 18
L 3.8569903 5.3199935000 3.8270000000 5.3199935000 0 P 14
L 3.8569903 5.3599806 3.8669871000 5.3499838 0 P 14
L 3.857 3.369 3.8670000000 3.369 7 P 18
L 3.857 3.6790000000 3.9050000000 3.6790000000 7 P 18
L 3.857 3.681 3.9050000000 3.681 7 P 18
L 3.857 3.6830000000 3.907 3.6830000000 7 P 18
L 3.8590000000 3.3710000000 3.869 3.3710000000 7 P 18
L 3.8590000000 3.685 3.907 3.685 7 P 18
L 3.8590000000 3.6870000000 3.907 3.6870000000 7 P 18
L 3.8590000000 3.689 3.9090000000 3.689 7 P 18
L 3.8600000000 4.4749968 3.8699968 4.4650000000 0 P 14
L 3.8600000000 4.5149838 3.8600000000 4.4749968 0 P 14
L 3.861 3.373 3.873 3.373 7 P 18
L 3.861 3.6910000000 3.9090000000 3.6910000000 7 P 18
L 3.861 3.693 3.9090000000 3.693 7 P 18
L 3.861 3.6950000000 3.911 3.6950000000 7 P 18
L 3.8630000000 3.375 3.875 3.375 7 P 18
L 3.8630000000 3.697 3.911 3.697 7 P 18
L 3.8630000000 3.6990000000 3.911 3.6990000000 7 P 18
L 3.8630000000 3.701 3.9130000000 3.701 7 P 18
L 3.8645994000 4.87 3.8645994000 4.8899935 0 P 14
L 3.8645994000 4.8899935 3.8745962 4.8999903000 0 P 14
L 3.8645994000 4.9099871 3.8645994000 4.87 0 P 14
L 3.8649030000 4.2049903 3.9048901000 4.2049903 0 P 14
L 3.865 3.3770000000 3.8770000000 3.3770000000 7 P 18
L 3.865 3.7030000000 3.9130000000 3.7030000000 7 P 18
L 3.865 3.705 3.9130000000 3.705 7 P 18
L 3.865 3.7070000000 3.915 3.7070000000 7 P 18
L 3.8669871000 5.3299903 3.8569903 5.3199935000 0 P 14
L 3.8669871000 5.3499838 3.8669871000 5.3299903 0 P 14
L 3.8670000000 3.379 3.8810000000 3.379 7 P 18
L 3.869 3.3810000000 3.883 3.3810000000 7 P 18
L 3.8699968 4.4650000000 3.8899903 4.4650000000 0 P 14
L 3.8699968 4.5249806 3.8600000000 4.5149838 0 P 14
L 3.8710000000 3.383 3.887 3.383 7 P 18
L 3.873 3.3850000000 3.8890000000 3.3850000000 7 P 18
L 3.8745962 4.8999903000 3.8845929000 4.9099871 0 P 14
L 3.8749806 4.735 3.8949741 4.735 0 P 14
L 3.875 3.387 3.891 3.387 7 P 18
L 3.8770000000 3.3890000000 3.895 3.3890000000 7 P 18
L 3.8786222 5.1980314000 3.8786222 5.2019684 4 P 13
L 3.879 3.391 3.8970000000 3.391 7 P 18
L 3.8810000000 3.3930000000 3.9010000000 3.3930000000 7 P 18
L 3.883 3.395 3.903 3.395 7 P 18
L 3.8845929000 4.9099871 3.8945897 4.9099871 0 P 14
L 3.8849774000 4.735 3.8849774000 4.7949806000 0 P 14
L 3.8849774000 4.7949806000 3.8749806 4.7849838 0 P 14
L 3.8850000000 3.3970000000 3.9050000000 3.3970000000 7 P 18
L 3.8869806000 5.3499838 3.8969774000 5.3599806 0 P 14
L 3.887 3.399 3.9090000000 3.399 7 P 18
L 3.8890000000 3.4010000000 3.911 3.4010000000 7 P 18
L 3.8899903 4.4650000000 3.8999871 4.4749968 0 P 14
L 3.8899903 4.5249806 3.8699968 4.5249806 0 P 14
L 3.891 3.403 3.915 3.403 7 P 18
L 3.8930000000 3.4050000000 3.9170000000 3.4050000000 7 P 18
L 3.8949741 4.735 3.8849774000 4.735 0 P 14
L 3.895 3.407 3.919 3.407 7 P 18
L 3.8969774000 5.3000000000 3.8869806000 5.3099968 0 P 14
L 3.8969774000 5.3599806 3.9169709000 5.3599806 0 P 14
L 3.8970000000 3.4090000000 3.923 3.4090000000 7 P 18
L 3.899 3.411 3.9250000000 3.411 7 P 18
L 3.8999871 4.5149838 3.8899903 4.5249806 0 P 14
L 3.9010000000 3.4130000000 3.9290000000 3.4130000000 7 P 18
L 3.903 3.415 3.931 3.415 7 P 18
L 3.9050000000 3.4170000000 3.9330000000 3.4170000000 7 P 18
L 3.9069741000 5.3299903 3.9169709000 5.3299903 0 P 14
L 3.907 3.419 3.9370000000 3.419 7 P 18
L 3.9090000000 3.4210000000 3.939 3.4210000000 7 P 18
L 3.911 3.423 3.943 3.423 7 P 18
L 3.911 3.669 4.0850000000 3.669 7 P 18
L 3.9130000000 3.4250000000 3.9450000000 3.4250000000 7 P 18
L 3.9130000000 3.6710000000 4.0870000000 3.6710000000 7 P 18
L 3.915 3.427 3.947 3.427 7 P 18
L 3.9169709000 5.3000000000 3.8969774000 5.3000000000 0 P 14
L 3.9169709000 5.3299903 3.9069741000 5.3299903 0 P 14
L 3.9169709000 5.3299903 3.9269677 5.3199935000 0 P 14
L 3.9169709000 5.3599806 3.9269677 5.3499838 0 P 14
L 3.9170000000 3.4290000000 3.951 3.4290000000 7 P 18
L 3.9170000000 3.673 4.089 3.673 7 P 18
L 3.919 3.431 3.9530000000 3.431 7 P 18
L 3.919 3.6750000000 4.091 3.6750000000 7 P 18
L 3.9199806 4.4949903 3.9399741 4.5049871 0 P 14
L 3.9199806 4.5249806 3.9199806 4.4949903 0 P 14
L 3.9210000000 3.4330000000 3.9570000000 3.4330000000 7 P 18
L 3.9210000000 3.677 4.0930000000 3.677 7 P 18
L 3.923 3.435 3.959 3.435 7 P 18
L 3.923 3.6790000000 4.0950000000 3.6790000000 7 P 18
L 3.9248836000 4.1750000000 3.9648707 4.1750000000 0 P 14
L 3.9248836000 4.2049903 3.9448771000 4.2049903 0 P 14
L 3.9248836000 4.2349806 3.9248836000 4.1750000000 0 P 14
L 3.9250000000 3.4370000000 3.9610000000 3.4370000000 7 P 18
L 3.9250000000 3.681 4.099 3.681 7 P 18
L 3.9269677 5.3099968 3.9169709000 5.3000000000 0 P 14
L 3.9269677 5.3199935000 3.9269677 5.3099968 0 P 14
L 3.9269677 5.3399871 3.9169709000 5.3299903 0 P 14
L 3.9269677 5.3499838 3.9269677 5.3399871 0 P 14
L 3.927 3.439 3.9650000000 3.439 7 P 18
L 3.927 3.6830000000 4.1010000000 3.6830000000 7 P 18
L 3.9290000000 3.4410000000 3.967 3.4410000000 7 P 18
L 3.9290000000 3.685 4.1030000000 3.685 7 P 18
L 3.9299774000 4.4650000000 3.9199806 4.4749968 0 P 14
L 3.931 3.443 3.9690000000 3.443 7 P 18
L 3.931 3.6870000000 4.105 3.6870000000 7 P 18
L 3.9330000000 3.4450000000 3.9730000000 3.4450000000 7 P 18
L 3.935 3.447 3.975 3.447 7 P 18
L 3.935 3.689 4.107 3.689 7 P 18
L 3.935 6.32 3.9549935 6.32 0 P 14
L 3.935 6.3799806000 3.9549935 6.3799806000 0 P 14
L 3.9370000000 3.4490000000 3.979 3.4490000000 7 P 18
L 3.9370000000 3.6910000000 4.1090000000 3.6910000000 7 P 18
L 3.939 3.451 3.9810000000 3.451 7 P 18
L 3.939 3.693 4.1110000000 3.693 7 P 18
L 3.9399741 4.5049871 3.9499709000 4.5049871 0 P 14
L 3.9400000000 6.45 3.9400000000 6.5900000000 6 P 17
L 3.9400000000 6.45 4.1400000000 6.45 6 P 17
L 3.9400000000 6.5900000000 4.1400000000 6.5900000000 6 P 17
L 3.9410000000 3.4530000000 3.983 3.4530000000 7 P 18
L 3.9410000000 3.6950000000 4.115 3.6950000000 7 P 18
L 3.943 3.455 3.987 3.455 7 P 18
L 3.943 3.5570000000 3.991 3.5570000000 7 P 18
L 3.943 3.559 3.991 3.559 7 P 18
L 3.943 3.5610000000 3.9930000000 3.5610000000 7 P 18
L 3.943 3.697 4.1170000000 3.697 7 P 18
L 3.9449968 6.32 3.935 6.32 0 P 14
L 3.9449968 6.3799806000 3.9449968 6.32 0 P 14
L 3.9450000000 3.4570000000 3.9890000000 3.4570000000 7 P 18
L 3.9450000000 3.563 3.9930000000 3.563 7 P 18
L 3.9450000000 3.5650000000 3.9930000000 3.5650000000 7 P 18
L 3.9450000000 3.567 3.995 3.567 7 P 18
L 3.9450000000 3.6990000000 4.1190000000 3.6990000000 7 P 18
L 3.947 3.459 3.991 3.459 7 P 18
L 3.947 3.5690000000 3.995 3.5690000000 7 P 18
L 3.947 3.571 3.995 3.571 7 P 18
L 3.947 3.5730000000 3.9970000000 3.5730000000 7 P 18
L 3.947 3.701 4.121 3.701 7 P 18
L 3.9490000000 3.4610000000 3.995 3.4610000000 7 P 18
L 3.9490000000 3.463 3.9970000000 3.463 7 P 18
L 3.9490000000 3.575 3.9970000000 3.575 7 P 18
L 3.9490000000 3.5770000000 3.9970000000 3.5770000000 7 P 18
L 3.9499709000 4.4650000000 3.9299774000 4.4650000000 0 P 14
L 3.9499709000 4.5049871 3.9599677000 4.4949903 0 P 14
L 3.951 3.4650000000 3.999 3.4650000000 7 P 18
L 3.951 3.579 3.999 3.579 7 P 18
L 3.951 3.5810000000 3.999 3.5810000000 7 P 18
L 3.951 3.583 3.999 3.583 7 P 18
L 3.951 3.7030000000 4.123 3.7030000000 7 P 18
L 3.9530000000 3.467 4.003 3.467 7 P 18
L 3.9530000000 3.5850000000 4.001 3.5850000000 7 P 18
L 3.9530000000 3.587 4.001 3.587 7 P 18
L 3.9530000000 3.5890000000 4.001 3.5890000000 7 P 18
L 3.9530000000 3.705 4.125 3.705 7 P 18
L 3.9549935 6.3799806000 3.9449968 6.3799806000 0 P 14
L 3.955 3.4690000000 4.0050000000 3.4690000000 7 P 18
L 3.955 3.591 4.003 3.591 7 P 18
L 3.955 3.5930000000 4.003 3.5930000000 7 P 18
L 3.955 3.595 4.0050000000 3.595 7 P 18
L 3.955 3.7070000000 4.1270000000 3.7070000000 7 P 18
L 3.9570000000 3.471 4.009 3.471 7 P 18
L 3.9570000000 3.5970000000 4.0050000000 3.5970000000 7 P 18
L 3.9570000000 3.599 4.0050000000 3.599 7 P 18
L 3.9570000000 3.6010000000 4.0070000000 3.6010000000 7 P 18
L 3.959 3.4730000000 4.011 3.4730000000 7 P 18
L 3.959 3.603 4.0070000000 3.603 7 P 18
L 3.959 3.6050000000 4.0070000000 3.6050000000 7 P 18
L 3.959 3.607 4.009 3.607 7 P 18
L 3.9599677000 4.4749968 3.9499709000 4.4650000000 0 P 14
L 3.9599677000 4.4949903 3.9599677000 4.4749968 0 P 14
L 3.9599677000 4.5249806 3.9199806 4.5249806 0 P 14
L 3.9610000000 3.475 4.0130000000 3.475 7 P 18
L 3.9610000000 3.6090000000 4.009 3.6090000000 7 P 18
L 3.9610000000 3.611 4.009 3.611 7 P 18
L 3.963 3.4770000000 4.017 3.4770000000 7 P 18
L 3.963 3.6130000000 4.011 3.6130000000 7 P 18
L 3.963 3.615 4.011 3.615 7 P 18
L 3.963 3.6170000000 4.011 3.6170000000 7 P 18
L 3.9648707 4.2349806 3.9248836000 4.2349806 0 P 14
L 3.9650000000 3.479 4.019 3.479 7 P 18
L 3.9650000000 3.619 4.0130000000 3.619 7 P 18
L 3.9650000000 3.6210000000 4.0130000000 3.6210000000 7 P 18
L 3.9650000000 3.623 4.0150000000 3.623 7 P 18
L 3.967 3.4810000000 4.0210000000 3.4810000000 7 P 18
L 3.967 3.625 4.0150000000 3.625 7 P 18
L 3.967 3.6270000000 4.0150000000 3.6270000000 7 P 18
L 3.967 3.629 4.017 3.629 7 P 18
L 3.9690000000 3.483 4.025 3.483 7 P 18
L 3.9690000000 3.6310000000 4.017 3.6310000000 7 P 18
L 3.9690000000 3.633 4.017 3.633 7 P 18
L 3.9690000000 3.6350000000 4.019 3.6350000000 7 P 18
L 3.971 3.4850000000 4.027 3.4850000000 7 P 18
L 3.971 3.637 4.019 3.637 7 P 18
L 3.971 3.6390000000 4.019 3.6390000000 7 P 18
L 3.971 3.641 4.0210000000 3.641 7 P 18
L 3.9730000000 3.487 4.0290000000 3.487 7 P 18
L 3.9730000000 3.6430000000 4.0210000000 3.6430000000 7 P 18
L 3.9730000000 3.645 4.0210000000 3.645 7 P 18
L 3.975 3.4890000000 4.033 3.4890000000 7 P 18
L 3.975 3.6470000000 4.0230000000 3.6470000000 7 P 18
L 3.975 3.649 4.0230000000 3.649 7 P 18
L 3.975 3.6510000000 4.0230000000 3.6510000000 7 P 18
L 3.9770000000 3.491 4.035 3.491 7 P 18
L 3.9770000000 3.653 4.025 3.653 7 P 18
L 3.9770000000 3.6550000000 4.025 3.6550000000 7 P 18
L 3.9770000000 3.657 4.027 3.657 7 P 18
L 3.979 3.4930000000 4.0390000000 3.4930000000 7 P 18
L 3.979 3.6590000000 4.027 3.6590000000 7 P 18
L 3.979 3.661 4.027 3.661 7 P 18
L 3.979 3.6630000000 4.0290000000 3.6630000000 7 P 18
L 3.9810000000 3.495 4.041 3.495 7 P 18
L 3.9810000000 3.665 4.0290000000 3.665 7 P 18
L 3.9810000000 3.6670000000 4.0290000000 3.6670000000 7 P 18
L 3.983 3.4970000000 4.043 3.4970000000 7 P 18
L 3.9848642 4.1750000000 3.9848642 4.2349806 0 P 14
L 3.9848642 4.2349806 4.0248513000 4.1750000000 0 P 14
L 3.9849838 6.3299968000 3.9949806000 6.32 0 P 14
L 3.9849838 6.3699838000 3.9849838 6.3299968000 0 P 14
L 3.9850000000 3.499 4.0470000000 3.499 7 P 18
L 3.987 3.5010000000 4.049 3.5010000000 7 P 18
L 3.9890000000 3.503 4.051 3.503 7 P 18
L 3.991 3.5050000000 4.0550000000 3.5050000000 7 P 18
L 3.9930000000 3.507 4.057 3.507 7 P 18
L 3.9949806000 6.32 4.0149741000 6.32 0 P 14
L 3.9949806000 6.3799806000 3.9849838 6.3699838000 0 P 14
L 3.995 3.3949871000 4.0049968000 3.3849903 0 P 14
L 3.995 3.4049838 3.995 3.3949871000 0 P 14
L 3.995 3.5090000000 4.059 3.5090000000 7 P 18
L 3.9970000000 3.511 4.0630000000 3.511 7 P 18
L 3.999 3.5130000000 4.065 3.5130000000 7 P 18
L 4.001 3.515 4.067 3.515 7 P 18
L 4.003 3.5170000000 4.0710000000 3.5170000000 7 P 18
L 4.0049968000 3.3550000000 3.995 3.3649968 0 P 14
L 4.0049968000 3.3849903 4.0249903000 3.3849903 0 P 14
L 4.0049968000 3.4149806000 3.995 3.4049838 0 P 14
L 4.0050000000 3.519 4.073 3.519 7 P 18
L 4.0149741000 6.32 4.0249709000 6.3299968000 0 P 14
L 4.0149741000 6.3799806000 3.9949806000 6.3799806000 0 P 14
L 4.019 3.535 4.0950000000 3.535 7 P 18
L 4.0210000000 3.5370000000 4.097 3.5370000000 7 P 18
L 4.0230000000 3.539 4.1010000000 3.539 7 P 18
L 4.0248513000 4.1750000000 4.0248513000 4.2349806 0 P 14
L 4.0249709000 6.3699838000 4.0149741000 6.3799806000 0 P 14
L 4.0249903000 3.3550000000 4.0049968000 3.3550000000 0 P 14
L 4.0249903000 3.3849903 4.0349871 3.3749935000 0 P 14
L 4.0249903000 3.4149806000 4.0049968000 3.4149806000 0 P 14
L 4.025 3.5410000000 4.1030000000 3.5410000000 7 P 18
L 4.027 3.543 4.105 3.543 7 P 18
L 4.0290000000 3.5450000000 4.1090000000 3.5450000000 7 P 18
L 4.0310000000 3.547 4.1110000000 3.547 7 P 18
L 4.033 3.5490000000 4.113 3.5490000000 7 P 18
L 4.0349871 3.3649968 4.0249903000 3.3550000000 0 P 14
L 4.0349871 3.3749935000 4.0349871 3.3649968 0 P 14
L 4.0349871 3.4049838 4.0249903000 3.4149806000 0 P 14
L 4.035 3.551 4.1170000000 3.551 7 P 18
L 4.0370000000 3.5530000000 4.1190000000 3.5530000000 7 P 18
L 4.0390000000 3.555 4.123 3.555 7 P 18
L 4.041 3.5570000000 4.125 3.5570000000 7 P 18
L 4.043 3.559 4.1270000000 3.559 7 P 18
L 4.0449644000 6.3599871000 4.0549612 6.3499903000 0 P 14
L 4.0449644000 6.3699838000 4.0449644000 6.3599871000 0 P 14
L 4.0450000000 3.5610000000 4.131 3.5610000000 7 P 18
L 4.0470000000 3.563 4.133 3.563 7 P 18
L 4.049 3.5650000000 4.1370000000 3.5650000000 7 P 18
L 4.051 3.567 4.139 3.567 7 P 18
L 4.0530000000 3.5690000000 4.141 3.5690000000 7 P 18
L 4.0549612 6.32 4.0449644000 6.3299968000 0 P 14
L 4.0549612 6.3499903000 4.0749547 6.3499903000 0 P 14
L 4.0549612 6.3799806000 4.0449644000 6.3699838000 0 P 14
L 4.0549806 3.3350065000 4.0549806 3.3949871000 0 P 14
L 4.0549806 3.3949871000 4.0849709 3.3949871000 0 P 14
L 4.0550000000 3.571 4.1450000000 3.571 7 P 18
L 4.057 3.5730000000 4.147 3.5730000000 7 P 18
L 4.059 3.575 4.149 3.575 7 P 18
L 4.0610000000 3.5770000000 4.1530000000 3.5770000000 7 P 18
L 4.0630000000 3.579 4.155 3.579 7 P 18
L 4.065 3.5810000000 4.157 3.5810000000 7 P 18
L 4.067 3.583 4.1610000000 3.583 7 P 18
L 4.0690000000 3.5850000000 4.163 3.5850000000 7 P 18
L 4.0710000000 3.587 4.1670000000 3.587 7 P 18
L 4.073 3.5890000000 4.1690000000 3.5890000000 7 P 18
L 4.0749547 6.32 4.0549612 6.32 0 P 14
L 4.0749547 6.3499903000 4.0849515000 6.3399935 0 P 14
L 4.0749547 6.3799806000 4.0549612 6.3799806000 0 P 14
L 4.075 3.591 4.173 3.591 7 P 18
L 4.0770000000 3.5930000000 4.1750000000 3.5930000000 7 P 18
L 4.0790000000 3.595 4.1770000000 3.595 7 P 18
L 4.081 3.5970000000 4.181 3.5970000000 7 P 18
L 4.083 3.599 4.1830000000 3.599 7 P 18
L 4.0849515000 6.3299968000 4.0749547 6.32 0 P 14
L 4.0849515000 6.3399935 4.0849515000 6.3299968000 0 P 14
L 4.0849515000 6.3699838000 4.0749547 6.3799806000 0 P 14
L 4.0849709 3.3550000000 4.0549806 3.3550000000 0 P 14
L 4.0849709 3.3949871000 4.0949677000 3.3849903 0 P 14
L 4.0850000000 3.6010000000 4.1850000000 3.6010000000 7 P 18
L 4.0870000000 3.603 4.189 3.603 7 P 18
L 4.089 3.6050000000 4.1910000000 3.6050000000 7 P 18
L 4.091 3.607 4.195 3.607 7 P 18
L 4.0930000000 3.6090000000 4.197 3.6090000000 7 P 18
L 4.0949677000 3.3649968 4.0849709 3.3550000000 0 P 14
L 4.0949677000 3.3849903 4.0949677000 3.3649968 0 P 14
L 4.0950000000 3.611 4.1990000000 3.611 7 P 18
L 4.097 3.6130000000 4.203 3.6130000000 7 P 18
L 4.099 3.615 4.205 3.615 7 P 18
L 4.1010000000 3.6170000000 4.2090000000 3.6170000000 7 P 18
L 4.1030000000 3.619 4.211 3.619 7 P 18
L 4.1049450000 6.32 4.1049450000 6.3799806000 0 P 14
L 4.1049450000 6.3799806000 4.1349353 6.3799806000 0 P 14
L 4.105 3.6210000000 4.2150000000 3.6210000000 7 P 18
L 4.107 3.623 4.2170000000 3.623 7 P 18
L 4.1090000000 3.625 4.219 3.625 7 P 18
L 4.1110000000 3.6270000000 4.2230000000 3.6270000000 7 P 18
L 4.113 3.629 4.2250000000 3.629 7 P 18
L 4.1149612000 3.3649968 4.124958 3.3749935000 0 P 14
L 4.115 3.6310000000 4.229 3.6310000000 7 P 18
L 4.115 3.633 4.2310000000 3.633 7 P 18
L 4.1170000000 3.6350000000 4.235 3.6350000000 7 P 18
L 4.1190000000 3.637 4.237 3.637 7 P 18
L 4.121 3.6390000000 4.3110000000 3.6390000000 7 P 18
L 4.123 3.641 4.3110000000 3.641 7 P 18
L 4.124958 3.3550000000 4.1149612000 3.3649968 0 P 14
L 4.124958 3.3749935000 4.1549483 3.3749935000 0 P 14
L 4.124958 3.3949871000 4.1449515 3.3949871000 0 P 14
L 4.125 3.6430000000 4.3130000000 3.6430000000 7 P 18
L 4.1270000000 3.645 4.3130000000 3.645 7 P 18
L 4.1290000000 3.6470000000 4.2010000000 3.6470000000 7 P 18
L 4.131 3.649 4.203 3.649 7 P 18
L 4.133 3.6510000000 4.205 3.6510000000 7 P 18
L 4.1349353 6.3399935 4.1049450000 6.3399935 0 P 14
L 4.1349353 6.3799806000 4.1449321 6.3699838000 0 P 14
L 4.1350000000 3.653 4.2070000000 3.653 7 P 18
L 4.1370000000 3.6550000000 4.2090000000 3.6550000000 7 P 18
L 4.139 3.657 4.211 3.657 7 P 18
L 4.1400000000 6.45 4.1400000000 6.5900000000 6 P 17
L 4.141 3.6590000000 4.213 3.6590000000 7 P 18
L 4.1430000000 3.661 4.2150000000 3.661 7 P 18
L 4.1449321 6.3499903000 4.1349353 6.3399935 0 P 14
L 4.1449321 6.3699838000 4.1449321 6.3499903000 0 P 14
L 4.1449515 3.3949871000 4.1549483 3.3849903 0 P 14
L 4.1450000000 3.6630000000 4.219 3.6630000000 7 P 18
L 4.147 3.665 4.221 3.665 7 P 18
L 4.149 3.6670000000 4.2230000000 3.6670000000 7 P 18
L 4.1510000000 3.669 4.2250000000 3.669 7 P 18
L 4.1530000000 3.6710000000 4.227 3.6710000000 7 P 18
L 4.1549483 3.3550000000 4.124958 3.3550000000 0 P 14
L 4.1549483 3.3849903 4.1549483 3.3550000000 0 P 14
L 4.155 3.673 4.229 3.673 7 P 18
L 4.157 3.6750000000 4.2310000000 3.6750000000 7 P 18
L 4.1590000000 3.677 4.2330000000 3.677 7 P 18
L 4.1610000000 3.6790000000 4.235 3.6790000000 7 P 18
L 4.163 3.681 4.237 3.681 7 P 18
L 4.165 3.6830000000 4.2390000000 3.6830000000 7 P 18
L 4.1670000000 3.685 4.2410000000 3.685 7 P 18
L 4.1690000000 3.6870000000 4.243 3.6870000000 7 P 18
L 4.171 3.689 4.245 3.689 7 P 18
L 4.173 3.6910000000 4.2470000000 3.6910000000 7 P 18
L 4.1749418 3.3649968 4.1849386000 3.3550000000 0 P 14
L 4.1749418 3.3849903 4.1749418 3.3649968 0 P 14
L 4.1750000000 3.693 4.2490000000 3.693 7 P 18
L 4.1770000000 3.6950000000 4.251 3.6950000000 7 P 18
L 4.179 3.697 4.253 3.697 7 P 18
L 4.181 3.6990000000 4.2550000000 3.6990000000 7 P 18
L 4.1830000000 3.701 4.2570000000 3.701 7 P 18
L 4.1849386000 3.3550000000 4.2149289 3.3550000000 0 P 14
L 4.1849386000 3.3949871000 4.1749418 3.3849903 0 P 14
L 4.1850000000 3.7030000000 4.259 3.7030000000 7 P 18
L 4.187 3.705 4.261 3.705 7 P 18
L 4.189 3.7070000000 4.2630000000 3.7070000000 7 P 18
L 4.1910000000 3.709 4.2650000000 3.709 7 P 18
L 4.1930000000 3.7110000000 4.3270000000 3.7110000000 7 P 18
L 4.195 3.713 4.3270000000 3.713 7 P 18
L 4.197 3.7150000000 4.3270000000 3.7150000000 7 P 18
L 4.1990000000 3.717 4.3270000000 3.717 7 P 18
L 4.2010000000 3.7190000000 4.3290000000 3.7190000000 7 P 18
L 4.203 3.6470000000 4.3130000000 3.6470000000 7 P 18
L 4.203 3.721 4.3290000000 3.721 7 P 18
L 4.205 3.649 4.3130000000 3.649 7 P 18
L 4.205 3.7230000000 4.3290000000 3.7230000000 7 P 18
L 4.2070000000 3.725 4.3290000000 3.725 7 P 18
L 4.2090000000 3.6510000000 4.3130000000 3.6510000000 7 P 18
L 4.2090000000 3.7270000000 4.3290000000 3.7270000000 7 P 18
L 4.211 3.653 4.315 3.653 7 P 18
L 4.211 3.729 4.331 3.729 7 P 18
L 4.2149289 3.3949871000 4.1849386000 3.3949871000 0 P 14
L 4.2150000000 3.6550000000 4.315 3.6550000000 7 P 18
L 4.2150000000 3.7310000000 4.331 3.7310000000 7 P 18
L 4.2170000000 3.657 4.315 3.657 7 P 18
L 4.221 3.6590000000 4.315 3.6590000000 7 P 18
L 4.2230000000 3.661 4.317 3.661 7 P 18
L 4.227 3.6630000000 4.2550000000 3.6630000000 7 P 18
L 4.229 3.665 4.2550000000 3.665 7 P 18
L 4.229 3.745 4.333 3.745 7 P 18
L 4.229 3.7470000000 4.333 3.7470000000 7 P 18
L 4.2310000000 3.6670000000 4.2550000000 3.6670000000 7 P 18
L 4.2310000000 3.749 4.3350000000 3.749 7 P 18
L 4.2330000000 3.7510000000 4.3350000000 3.7510000000 7 P 18
L 4.2349224 3.3649968 4.2349224 3.3849903 0 P 14
L 4.2349224 3.3849903 4.2449192 3.3949871000 0 P 14
L 4.235 3.669 4.2550000000 3.669 7 P 18
L 4.235 3.753 4.3350000000 3.753 7 P 18
L 4.237 3.6710000000 4.253 3.6710000000 7 P 18
L 4.237 3.7550000000 4.3350000000 3.7550000000 7 P 18
L 4.2390000000 3.6310000000 4.309 3.6310000000 7 P 18
L 4.2390000000 3.633 4.309 3.633 7 P 18
L 4.2390000000 3.6350000000 4.3110000000 3.6350000000 7 P 18
L 4.2390000000 3.637 4.3110000000 3.637 7 P 18
L 4.2390000000 3.757 4.3350000000 3.757 7 P 18
L 4.2410000000 3.619 4.307 3.619 7 P 18
L 4.2410000000 3.6210000000 4.307 3.6210000000 7 P 18
L 4.2410000000 3.623 4.307 3.623 7 P 18
L 4.2410000000 3.625 4.309 3.625 7 P 18
L 4.2410000000 3.6270000000 4.309 3.6270000000 7 P 18
L 4.2410000000 3.629 4.309 3.629 7 P 18
L 4.2410000000 3.673 4.253 3.673 7 P 18
L 4.2410000000 3.7590000000 4.3370000000 3.7590000000 7 P 18
L 4.243 3.6090000000 4.3050000000 3.6090000000 7 P 18
L 4.243 3.611 4.3050000000 3.611 7 P 18
L 4.243 3.6130000000 4.3050000000 3.6130000000 7 P 18
L 4.243 3.615 4.3050000000 3.615 7 P 18
L 4.243 3.6170000000 4.307 3.6170000000 7 P 18
L 4.243 3.6750000000 4.253 3.6750000000 7 P 18
L 4.243 3.761 4.3370000000 3.761 7 P 18
L 4.2449192 3.3550000000 4.2349224 3.3649968 0 P 14
L 4.2449192 3.3949871000 4.2649127 3.3949871000 0 P 14
L 4.245 3.5970000000 4.301 3.5970000000 7 P 18
L 4.245 3.599 4.3030000000 3.599 7 P 18
L 4.245 3.6010000000 4.3030000000 3.6010000000 7 P 18
L 4.245 3.603 4.3030000000 3.603 7 P 18
L 4.245 3.6050000000 4.3030000000 3.6050000000 7 P 18
L 4.245 3.607 4.3050000000 3.607 7 P 18
L 4.245 3.7630000000 4.3370000000 3.7630000000 7 P 18
L 4.2470000000 3.587 4.299 3.587 7 P 18
L 4.2470000000 3.5890000000 4.299 3.5890000000 7 P 18
L 4.2470000000 3.591 4.301 3.591 7 P 18
L 4.2470000000 3.5930000000 4.301 3.5930000000 7 P 18
L 4.2470000000 3.595 4.301 3.595 7 P 18
L 4.2470000000 3.677 4.253 3.677 7 P 18
L 4.2470000000 3.765 4.3370000000 3.765 7 P 18
L 4.2490000000 3.5770000000 4.2970000000 3.5770000000 7 P 18
L 4.2490000000 3.579 4.2970000000 3.579 7 P 18
L 4.2490000000 3.5810000000 4.2970000000 3.5810000000 7 P 18
L 4.2490000000 3.583 4.299 3.583 7 P 18
L 4.2490000000 3.5850000000 4.299 3.5850000000 7 P 18
L 4.2490000000 3.7670000000 4.3370000000 3.7670000000 7 P 18
L 4.251 3.5650000000 4.293 3.5650000000 7 P 18
L 4.251 3.567 4.2950000000 3.567 7 P 18
L 4.251 3.5690000000 4.2950000000 3.5690000000 7 P 18
L 4.251 3.571 4.2950000000 3.571 7 P 18
L 4.251 3.5730000000 4.2950000000 3.5730000000 7 P 18
L 4.251 3.575 4.2970000000 3.575 7 P 18
L 4.251 3.769 4.339 3.769 7 P 18
L 4.253 3.555 4.291 3.555 7 P 18
L 4.253 3.5570000000 4.291 3.5570000000 7 P 18
L 4.253 3.559 4.293 3.559 7 P 18
L 4.253 3.5610000000 4.293 3.5610000000 7 P 18
L 4.253 3.563 4.293 3.563 7 P 18
L 4.253 3.7710000000 4.339 3.7710000000 7 P 18
L 4.2550000000 3.5450000000 4.2890000000 3.5450000000 7 P 18
L 4.2550000000 3.547 4.2890000000 3.547 7 P 18
L 4.2550000000 3.5490000000 4.2890000000 3.5490000000 7 P 18
L 4.2550000000 3.551 4.291 3.551 7 P 18
L 4.2550000000 3.5530000000 4.291 3.5530000000 7 P 18
L 4.2550000000 3.773 4.339 3.773 7 P 18
L 4.2570000000 3.535 4.285 3.535 7 P 18
L 4.2570000000 3.5370000000 4.2870000000 3.5370000000 7 P 18
L 4.2570000000 3.539 4.2870000000 3.539 7 P 18
L 4.2570000000 3.5410000000 4.2870000000 3.5410000000 7 P 18
L 4.2570000000 3.543 4.2890000000 3.543 7 P 18
L 4.2570000000 3.6630000000 4.317 3.6630000000 7 P 18
L 4.2570000000 3.7750000000 4.339 3.7750000000 7 P 18
L 4.259 3.665 4.317 3.665 7 P 18
L 4.259 3.6670000000 4.317 3.6670000000 7 P 18
L 4.259 3.669 4.317 3.669 7 P 18
L 4.259 3.6710000000 4.3190000000 3.6710000000 7 P 18
L 4.259 3.673 4.3190000000 3.673 7 P 18
L 4.259 3.777 4.339 3.777 7 P 18
L 4.261 3.515 4.2810000000 3.515 7 P 18
L 4.261 3.5170000000 4.2810000000 3.5170000000 7 P 18
L 4.261 3.519 4.2810000000 3.519 7 P 18
L 4.261 3.6750000000 4.3190000000 3.6750000000 7 P 18
L 4.261 3.677 4.3190000000 3.677 7 P 18
L 4.261 3.6790000000 4.3210000000 3.6790000000 7 P 18
L 4.261 3.681 4.3210000000 3.681 7 P 18
L 4.261 3.6830000000 4.3210000000 3.6830000000 7 P 18
L 4.261 3.7790000000 4.341 3.7790000000 7 P 18
L 4.2630000000 3.507 4.2790000000 3.507 7 P 18
L 4.2630000000 3.5090000000 4.2790000000 3.5090000000 7 P 18
L 4.2630000000 3.511 4.2790000000 3.511 7 P 18
L 4.2630000000 3.5130000000 4.2810000000 3.5130000000 7 P 18
L 4.2630000000 3.685 4.3210000000 3.685 7 P 18
L 4.2630000000 3.6870000000 4.3210000000 3.6870000000 7 P 18
L 4.2630000000 3.689 4.323 3.689 7 P 18
L 4.2630000000 3.6910000000 4.323 3.6910000000 7 P 18
L 4.2630000000 3.693 4.323 3.693 7 P 18
L 4.2630000000 3.781 4.341 3.781 7 P 18
L 4.2649127 3.3550000000 4.2449192 3.3550000000 0 P 14
L 4.2649127 3.3949871000 4.2749095000 3.3849903 0 P 14
L 4.2650000000 3.4970000000 4.275 3.4970000000 7 P 18
L 4.2650000000 3.499 4.277 3.499 7 P 18
L 4.2650000000 3.5010000000 4.277 3.5010000000 7 P 18
L 4.2650000000 3.503 4.277 3.503 7 P 18
L 4.2650000000 3.5050000000 4.2790000000 3.5050000000 7 P 18
L 4.2650000000 3.6950000000 4.323 3.6950000000 7 P 18
L 4.2650000000 3.697 4.323 3.697 7 P 18
L 4.2650000000 3.6990000000 4.325 3.6990000000 7 P 18
L 4.2650000000 3.701 4.325 3.701 7 P 18
L 4.2650000000 3.7030000000 4.325 3.7030000000 7 P 18
L 4.2650000000 3.7830000000 4.341 3.7830000000 7 P 18
L 4.267 3.4890000000 4.2730000000 3.4890000000 7 P 18
L 4.267 3.491 4.275 3.491 7 P 18
L 4.267 3.4930000000 4.275 3.4930000000 7 P 18
L 4.267 3.495 4.275 3.495 7 P 18
L 4.267 3.705 4.325 3.705 7 P 18
L 4.267 3.7070000000 4.325 3.7070000000 7 P 18
L 4.267 3.709 4.3270000000 3.709 7 P 18
L 4.267 3.785 4.341 3.785 7 P 18
L 4.269 3.4850000000 4.2730000000 3.4850000000 7 P 18
L 4.269 3.487 4.2730000000 3.487 7 P 18
L 4.269 3.7870000000 4.341 3.7870000000 7 P 18
L 4.2710000000 3.789 4.3430000000 3.789 7 P 18
L 4.2730000000 3.7910000000 4.3430000000 3.7910000000 7 P 18
L 4.2749095000 3.3749935000 4.2349224 3.3749935000 0 P 14
L 4.2749095000 3.3849903 4.2749095000 3.3749935000 0 P 14
L 4.275 3.793 4.3430000000 3.793 7 P 18
L 4.277 3.7950000000 4.3430000000 3.7950000000 7 P 18
L 4.2790000000 3.797 4.3430000000 3.797 7 P 18
L 4.2810000000 3.7990000000 4.3450000000 3.7990000000 7 P 18
L 4.283 3.801 4.3450000000 3.801 7 P 18
L 4.285 3.8030000000 4.3450000000 3.8030000000 7 P 18
L 4.2870000000 3.805 4.3450000000 3.805 7 P 18
L 4.2890000000 3.8070000000 4.3450000000 3.8070000000 7 P 18
L 4.291 3.809 4.3450000000 3.809 7 P 18
L 4.293 3.8110000000 4.347 3.8110000000 7 P 18
L 4.2950000000 3.813 4.347 3.813 7 P 18
L 4.2970000000 3.8150000000 4.347 3.8150000000 7 P 18
L 4.299 3.817 4.347 3.817 7 P 18
L 4.301 3.8190000000 4.347 3.8190000000 7 P 18
L 4.3030000000 3.821 4.349 3.821 7 P 18
L 4.3050000000 3.8230000000 4.349 3.8230000000 7 P 18
L 4.307 3.825 4.349 3.825 7 P 18
L 4.309 3.8270000000 4.349 3.8270000000 7 P 18
L 4.3110000000 3.829 4.349 3.829 7 P 18
L 4.3130000000 3.8310000000 4.3510000000 3.8310000000 7 P 18
L 4.315 3.833 4.3510000000 3.833 7 P 18
L 4.317 3.8350000000 4.3510000000 3.8350000000 7 P 18
L 4.3190000000 3.837 4.3510000000 3.837 7 P 18
L 4.3210000000 3.8390000000 4.3510000000 3.8390000000 7 P 18
L 4.323 3.841 4.3530000000 3.841 7 P 18
L 4.325 3.8430000000 4.3530000000 3.8430000000 7 P 18
L 4.3270000000 3.845 4.3530000000 3.845 7 P 18
L 4.3290000000 3.8470000000 4.3530000000 3.8470000000 7 P 18
L 4.331 3.849 4.3530000000 3.849 7 P 18
L 4.333 3.8510000000 4.3530000000 3.8510000000 7 P 18
L 4.3350000000 3.853 4.355 3.853 7 P 18
L 4.3370000000 3.8550000000 4.355 3.8550000000 7 P 18
L 4.339 3.857 4.355 3.857 7 P 18
L 4.341 3.8590000000 4.355 3.8590000000 7 P 18
L 4.3430000000 3.861 4.355 3.861 7 P 18
L 4.3450000000 3.8630000000 4.357 3.8630000000 7 P 18
L 4.347 3.865 4.357 3.865 7 P 18
L 4.349 3.8670000000 4.357 3.8670000000 7 P 18
L 4.3510000000 3.869 4.357 3.869 7 P 18
L 4.3530000000 3.8710000000 4.357 3.8710000000 7 P 18
L 4.3548836000 3.3949871000 4.3648804000 3.3849903 0 P 14
L 4.3548836000 3.4049838 4.3548836000 3.3949871000 0 P 14
L 4.36 6.44 4.36 6.4999806000 0 P 14
L 4.36 6.4999806000 4.3899903 6.4999806000 0 P 14
L 4.3648804000 3.3550000000 4.3548836000 3.3649968 0 P 14
L 4.3648804000 3.3849903 4.3848739000 3.3849903 0 P 14
L 4.3648804000 3.4149806000 4.3548836000 3.4049838 0 P 14
L 4.3670000000 3.669 4.541 3.669 7 P 18
L 4.3690000000 3.6710000000 4.543 3.6710000000 7 P 18
L 4.371 3.673 4.5450000000 3.673 7 P 18
L 4.373 3.6750000000 4.5470000000 3.6750000000 7 P 18
L 4.3763780000 6.3530320000 4.3763780000 6.356968 4 P 13
L 4.3770000000 3.677 4.549 3.677 7 P 18
L 4.3790000000 3.6790000000 4.551 3.6790000000 7 P 18
L 4.3799935 6.4599935 4.3999871000 6.44 0 P 14
L 4.381 3.681 4.5530000000 3.681 7 P 18
L 4.383 3.6830000000 4.5550000000 3.6830000000 7 P 18
L 4.3848739000 3.3550000000 4.3648804000 3.3550000000 0 P 14
L 4.3848739000 3.3849903 4.3948707 3.3749935000 0 P 14
L 4.3848739000 3.4149806000 4.3648804000 3.4149806000 0 P 14
L 4.3850000000 3.685 4.559 3.685 7 P 18
L 4.3870000000 3.6870000000 4.5610000000 3.6870000000 7 P 18
L 4.389 3.689 4.5630000000 3.689 7 P 18
L 4.3899903 6.4599935 4.36 6.4599935 0 P 14
L 4.3899903 6.4999806000 4.3999871000 6.4899838 0 P 14
L 4.391 3.6910000000 4.565 3.6910000000 7 P 18
L 4.3948707 3.3649968 4.3848739000 3.3550000000 0 P 14
L 4.3948707 3.3749935000 4.3948707 3.3649968 0 P 14
L 4.3948707 3.4049838 4.3848739000 3.4149806000 0 P 14
L 4.3950000000 3.693 4.567 3.693 7 P 18
L 4.397 3.5570000000 4.447 3.5570000000 7 P 18
L 4.397 3.6950000000 4.5690000000 3.6950000000 7 P 18
L 4.399 3.559 4.447 3.559 7 P 18
L 4.399 3.5610000000 4.447 3.5610000000 7 P 18
L 4.399 3.563 4.4490000000 3.563 7 P 18
L 4.399 3.697 4.5710000000 3.697 7 P 18
L 4.3999871000 6.4699903 4.3899903 6.4599935 0 P 14
L 4.3999871000 6.4899838 4.3999871000 6.4699903 0 P 14
L 4.4010000000 3.5650000000 4.4490000000 3.5650000000 7 P 18
L 4.4010000000 3.567 4.4490000000 3.567 7 P 18
L 4.4010000000 3.5690000000 4.4510000000 3.5690000000 7 P 18
L 4.4010000000 3.6990000000 4.575 3.6990000000 7 P 18
L 4.4030000000 3.571 4.4510000000 3.571 7 P 18
L 4.4030000000 3.5730000000 4.4510000000 3.5730000000 7 P 18
L 4.4030000000 3.701 4.5770000000 3.701 7 P 18
L 4.405 3.575 4.453 3.575 7 P 18
L 4.405 3.5770000000 4.453 3.5770000000 7 P 18
L 4.405 3.579 4.453 3.579 7 P 18
L 4.405 3.7030000000 4.5790000000 3.7030000000 7 P 18
L 4.407 3.5810000000 4.455 3.5810000000 7 P 18
L 4.407 3.583 4.455 3.583 7 P 18
L 4.407 3.5850000000 4.4570000000 3.5850000000 7 P 18
L 4.407 3.705 4.581 3.705 7 P 18
L 4.4090000000 3.587 4.4570000000 3.587 7 P 18
L 4.4090000000 3.5890000000 4.4570000000 3.5890000000 7 P 18
L 4.4090000000 3.591 4.4590000000 3.591 7 P 18
L 4.4110000000 3.5930000000 4.4590000000 3.5930000000 7 P 18
L 4.4110000000 3.595 4.4590000000 3.595 7 P 18
L 4.4110000000 3.5970000000 4.461 3.5970000000 7 P 18
L 4.4110000000 3.7070000000 4.583 3.7070000000 7 P 18
L 4.413 3.599 4.461 3.599 7 P 18
L 4.413 3.6010000000 4.461 3.6010000000 7 P 18
L 4.413 3.603 4.463 3.603 7 P 18
L 4.4148642 3.3649968 4.4248610000 3.3550000000 0 P 14
L 4.4148642 3.3949871000 4.4148642 3.3649968 0 P 14
L 4.415 3.6050000000 4.463 3.6050000000 7 P 18
L 4.415 3.607 4.463 3.607 7 P 18
L 4.4170000000 3.6090000000 4.4650000000 3.6090000000 7 P 18
L 4.4170000000 3.611 4.4650000000 3.611 7 P 18
L 4.4170000000 3.6130000000 4.4650000000 3.6130000000 7 P 18
L 4.4190000000 3.615 4.4670000000 3.615 7 P 18
L 4.4190000000 3.6170000000 4.4670000000 3.6170000000 7 P 18
L 4.4190000000 3.619 4.469 3.619 7 P 18
L 4.4199806000 6.4699903 4.4599677000 6.4699903 0 P 14
L 4.421 3.6210000000 4.469 3.6210000000 7 P 18
L 4.421 3.623 4.469 3.623 7 P 18
L 4.421 3.625 4.471 3.625 7 P 18
L 4.423 3.6270000000 4.471 3.6270000000 7 P 18
L 4.423 3.629 4.471 3.629 7 P 18
L 4.423 3.6310000000 4.4730000000 3.6310000000 7 P 18
L 4.4236220000 6.3530320000 4.4236220000 6.356968 4 P 13
L 4.4248610000 3.3550000000 4.4548513000 3.3550000000 0 P 14
L 4.4250000000 3.633 4.4730000000 3.633 7 P 18
L 4.4250000000 3.6350000000 4.4730000000 3.6350000000 7 P 18
L 4.4250000000 3.637 4.4750000000 3.637 7 P 18
L 4.4270000000 3.6390000000 4.4750000000 3.6390000000 7 P 18
L 4.4270000000 3.641 4.4750000000 3.641 7 P 18
L 4.429 3.6430000000 4.477 3.6430000000 7 P 18
L 4.429 3.645 4.477 3.645 7 P 18
L 4.429 3.6470000000 4.479 3.6470000000 7 P 18
L 4.431 3.649 4.479 3.649 7 P 18
L 4.431 3.6510000000 4.479 3.6510000000 7 P 18
L 4.431 3.653 4.4810000000 3.653 7 P 18
L 4.4330000000 3.6550000000 4.4810000000 3.6550000000 7 P 18
L 4.4330000000 3.657 4.4810000000 3.657 7 P 18
L 4.4330000000 3.6590000000 4.4830000000 3.6590000000 7 P 18
L 4.4350000000 3.661 4.4830000000 3.661 7 P 18
L 4.4350000000 3.6630000000 4.4830000000 3.6630000000 7 P 18
L 4.4350000000 3.665 4.485 3.665 7 P 18
L 4.437 3.6670000000 4.485 3.6670000000 7 P 18
L 4.4448545000 3.3350065000 4.4348577 3.3350065000 0 P 14
L 4.4499709 6.44 4.4499709 6.4999806000 0 P 14
L 4.4499709 6.4999806000 4.4199806000 6.4699903 0 P 14
L 4.4548513000 3.3450032000 4.4448545000 3.3350065000 0 P 14
L 4.4548513000 3.3550000000 4.4548513000 3.3450032000 0 P 14
L 4.4548513000 3.3550000000 4.4548513000 3.3949871000 0 P 14
L 4.4748448000 3.3550000000 4.5048351 3.3550000000 0 P 14
L 4.4748448000 3.3849903 4.4848416 3.3949871000 0 P 14
L 4.4848416 3.3749935000 4.4748448000 3.3849903 0 P 14
L 4.4848416 3.3949871000 4.5148319000 3.3949871000 0 P 14
L 4.5048351 3.3550000000 4.5148319000 3.3649968 0 P 14
L 4.5048351 3.3749935000 4.4848416 3.3749935000 0 P 14
L 4.5148319000 3.3649968 4.5048351 3.3749935000 0 P 14
L 4.5348254000 3.3949871000 4.5548189000 3.3949871000 0 P 14
L 4.5448222000 3.3649968 4.5548189000 3.3550000000 0 P 14
L 4.5448222000 3.3949871000 4.5348254000 3.3949871000 0 P 14
L 4.5448222000 3.3949871000 4.5448222000 3.3649968 0 P 14
L 4.5448222000 3.4049838 4.5448222000 3.3949871000 0 P 14
L 4.5548189000 3.3949871000 4.5448222000 3.3949871000 0 P 14
L 4.5699968 6.57 4.5600000000 6.5799968000 0 P 14
L 4.5799935000 6.57 4.5699968 6.57 0 P 14
L 4.5799935000 6.6299806000 4.5899903 6.6299806000 0 P 14
L 4.5848092000 3.3649968 4.5848092000 3.3849903 0 P 14
L 4.5848092000 3.3849903 4.594806 3.3949871000 0 P 14
L 4.5899903 6.5799968000 4.5799935000 6.57 0 P 14
L 4.5899903 6.6299806000 4.5899903 6.5799968000 0 P 14
L 4.594806 3.3550000000 4.5848092000 3.3649968 0 P 14
L 4.594806 3.3949871000 4.6147995 3.3949871000 0 P 14
L 4.5999871000 6.6299806000 4.5799935000 6.6299806000 0 P 14
L 4.6000000000 3.7149871 4.6099968 3.7049903000 0 P 14
L 4.6000000000 3.7249838000 4.6000000000 3.7149871 0 P 14
L 4.605 3.575 4.605 3.6349806 0 P 14
L 4.605 3.6349806 4.6349903 3.6349806 0 P 14
L 4.6099968 3.6750000000 4.6000000000 3.6849968000 0 P 14
L 4.6099968 3.7049903000 4.6299903 3.7049903000 0 P 14
L 4.6099968 3.7349806 4.6000000000 3.7249838000 0 P 14
L 4.6147995 3.3550000000 4.594806 3.3550000000 0 P 14
L 4.6147995 3.3949871000 4.6247963000 3.3849903 0 P 14
L 4.6199806000 6.5799968000 4.6299774000 6.57 0 P 14
L 4.6199806000 6.6099871000 4.6199806000 6.5799968000 0 P 14
L 4.6247963000 3.3749935000 4.5848092000 3.3749935000 0 P 14
L 4.6247963000 3.3849903 4.6247963000 3.3749935000 0 P 14
L 4.6249935 3.5949935 4.6449871000 3.575 0 P 14
L 4.625 6.1750000000 4.625 6.525 4 P 13
L 4.625 6.1750000000 4.775 6.1750000000 4 P 13
L 4.625 6.525 4.775 6.525 4 P 13
L 4.6299774000 6.57 4.6599677 6.57 0 P 14
L 4.6299903 3.6750000000 4.6099968 3.6750000000 0 P 14
L 4.6299903 3.7049903000 4.6399871000 3.6949935000 0 P 14
L 4.6299903 3.7349806 4.6099968 3.7349806 0 P 14
L 4.6349903 3.5949935 4.605 3.5949935 0 P 14
L 4.6349903 3.6349806 4.6449871000 3.6249838000 0 P 14
L 4.6399871000 3.6849968000 4.6299903 3.6750000000 0 P 14
L 4.6399871000 3.6949935000 4.6399871000 3.6849968000 0 P 14
L 4.6399871000 3.7249838000 4.6299903 3.7349806 0 P 14
L 4.6447898000 3.3550000000 4.6447898000 3.3949871000 0 P 14
L 4.6447898000 3.3949871000 4.6547866 3.3949871000 0 P 14
L 4.6449871000 3.6049903000 4.6349903 3.5949935 0 P 14
L 4.6449871000 3.6249838000 4.6449871000 3.6049903000 0 P 14
L 4.6547866 3.3949871000 4.6647833000 3.3849903 0 P 14
L 4.6599677 6.57 4.6599677 6.6099871000 0 P 14
L 4.6599806000 3.6849968000 4.6699774000 3.6750000000 0 P 14
L 4.6599806000 3.7149871 4.6599806000 3.6849968000 0 P 14
L 4.6647833000 3.3550000000 4.6647833000 3.3849903 0 P 14
L 4.6647833000 3.3849903 4.6647833000 3.3550000000 0 P 14
L 4.6647833000 3.3849903 4.6747801 3.3949871000 0 P 14
L 4.6649806000 3.5849968000 4.6649806000 3.6049903000 0 P 14
L 4.6649806000 3.6049903000 4.6749774 3.6149871 0 P 14
L 4.6699774000 3.6750000000 4.6999677 3.6750000000 0 P 14
L 4.6747801 3.3949871000 4.6847769 3.3849903 0 P 14
L 4.6749774 3.575 4.6649806000 3.5849968000 0 P 14
L 4.6749774 3.6149871 4.6949709 3.6149871 0 P 14
L 4.6799612 6.57 4.6799612 6.6099871000 0 P 14
L 4.6799612 6.6099871000 4.6899580000 6.6099871000 0 P 14
L 4.6847769 3.3849903 4.6847769 3.3550000000 0 P 14
L 4.6899580000 6.6099871000 4.6999547 6.5999903000 0 P 14
L 4.6949709 3.575 4.6749774 3.575 0 P 14
L 4.6949709 3.6149871 4.7049677 3.6049903000 0 P 14
L 4.6999547 6.57 4.6999547 6.5999903000 0 P 14
L 4.6999547 6.5999903000 4.6999547 6.57 0 P 14
L 4.6999547 6.5999903000 4.7099515000 6.6099871000 0 P 14
L 4.6999677 3.6750000000 4.6999677 3.7149871 0 P 14
L 4.7047704 3.3550000000 4.7347607000 3.3550000000 0 P 14
L 4.7047704 3.3849903 4.7147672000 3.3949871000 0 P 14
L 4.7049677 3.5949935 4.6649806000 3.5949935 0 P 14
L 4.7049677 3.6049903000 4.7049677 3.5949935 0 P 14
L 4.7099515000 6.6099871000 4.7199483 6.5999903000 0 P 14
L 4.7147672000 3.3749935000 4.7047704 3.3849903 0 P 14
L 4.7147672000 3.3949871000 4.7447575 3.3949871000 0 P 14
L 4.7199483 6.5999903000 4.7199483 6.57 0 P 14
L 4.7199612 3.6750000000 4.7499515000 3.6750000000 0 P 14
L 4.7199612 3.7349806 4.7199612 3.6750000000 0 P 14
L 4.7249612 3.6149871 4.7449547 3.575 0 P 14
L 4.7347607000 3.3550000000 4.7447575 3.3649968 0 P 14
L 4.7347607000 3.3749935000 4.7147672000 3.3749935000 0 P 14
L 4.7399418 6.5500065 4.7399418 6.6099871000 0 P 14
L 4.7399418 6.6099871000 4.7699321 6.6099871000 0 P 14
L 4.7447575 3.3649968 4.7347607000 3.3749935000 0 P 14
L 4.7449547 3.575 4.7649483 3.6149871 0 P 14
L 4.7499515000 3.6750000000 4.7599483000 3.6849968000 0 P 14
L 4.7499515000 3.7149871 4.7199612 3.7149871 0 P 14
L 4.7599483000 3.6849968000 4.7599483000 3.6949935000 0 P 14
L 4.7599483000 3.6949935000 4.7599483000 3.7049903000 0 P 14
L 4.7599483000 3.7049903000 4.7499515000 3.7149871 0 P 14
L 4.7699321 6.57 4.7399418 6.57 0 P 14
L 4.7699321 6.6099871000 4.7799289000 6.5999903000 0 P 14
L 4.775 6.1750000000 4.775 6.525 4 P 13
L 4.7799289000 6.5799968000 4.7699321 6.57 0 P 14
L 4.7799289000 6.5999903000 4.7799289000 6.5799968000 0 P 14
L 4.7799418000 3.6750000000 4.8099321 3.6750000000 0 P 14
L 4.7799418000 3.7049903000 4.7899386 3.7149871 0 P 14
L 4.7899386 3.6949935000 4.7799418000 3.7049903000 0 P 14
L 4.7899386 3.7149871 4.8199289000 3.7149871 0 P 14
L 4.7999224000 6.5799968000 4.7999224000 6.5999903000 0 P 14
L 4.7999224000 6.5999903000 4.8099192 6.6099871000 0 P 14
L 4.8099192 6.57 4.7999224000 6.5799968000 0 P 14
L 4.8099192 6.6099871000 4.8299127 6.6099871000 0 P 14
L 4.8099321 3.6750000000 4.8199289000 3.6849968000 0 P 14
L 4.8099321 3.6949935000 4.7899386 3.6949935000 0 P 14
L 4.8199289000 3.6849968000 4.8099321 3.6949935000 0 P 14
L 4.8299127 6.57 4.8099192 6.57 0 P 14
L 4.8299127 6.6099871000 4.8399095 6.5999903000 0 P 14
L 4.8340552000 5.6220568 4.8340552000 5.6417355 8 P 19
L 4.8340552000 5.6417355 4.8438945 5.6515748000 8 P 19
L 4.8340552000 6.0582740000 4.8340552000 6.0681134000 8 P 19
L 4.8340552000 6.0681134000 4.8930912000 6.0681134000 8 P 19
L 4.8340552000 6.0779527000 4.8340552000 6.0582740000 8 P 19
L 4.8399095 6.5899935 4.7999224000 6.5899935 0 P 14
L 4.8399095 6.5999903000 4.8399095 6.5899935 0 P 14
L 4.8399224000 3.6849968000 4.8499192 3.6750000000 0 P 14
L 4.8399224000 3.7149871 4.8399224000 3.6849968000 0 P 14
L 4.8438945 5.6122175000 4.8340552000 5.6220568 8 P 19
L 4.8449224000 3.575 4.8649159000 3.575 0 P 14
L 4.8499192 3.6750000000 4.8799095 3.6750000000 0 P 14
L 4.8549192 3.575 4.8549192 3.6349806 0 P 14
L 4.8549192 3.6349806 4.8449224000 3.6249838000 0 P 14
L 4.859903 6.57 4.859903 6.5899935 0 P 14
L 4.859903 6.5899935 4.8698998000 6.5999903000 0 P 14
L 4.859903 6.6099871000 4.859903 6.57 0 P 14
L 4.8635732 5.6122175000 4.8438945 5.6122175000 8 P 19
L 4.8635732 5.6515748000 4.8734125000 5.6318961000 8 P 19
L 4.8649159000 3.575 4.8549192 3.575 0 P 14
L 4.8698998000 6.5999903000 4.8798965 6.6099871000 0 P 14
L 4.8699127 3.6550065000 4.8599159000 3.6550065000 0 P 14
L 4.8734125000 5.6220568 4.8635732 5.6122175000 8 P 19
L 4.8734125000 5.6318961000 4.8734125000 5.6220568 8 P 19
L 4.8798965 6.6099871000 4.8898933000 6.6099871000 0 P 14
L 4.8799095 3.6650032 4.8699127 3.6550065000 0 P 14
L 4.8799095 3.6750000000 4.8799095 3.6650032 0 P 14
L 4.8799095 3.6750000000 4.8799095 3.7149871 0 P 14
L 4.8930912000 5.6122175000 4.8930912000 5.6515748000 8 P 19
L 4.8930912000 5.6515748000 4.8635732 5.6515748000 8 P 19
L 4.8930912000 6.0681134000 4.8832519 6.0779527000 8 P 19
L 4.8949062 3.575 4.8949062 3.5849968000 0 P 14
L 4.8949062 3.5849968000 4.904903 3.5849968000 0 P 14
L 4.899903 3.6750000000 4.9298933000 3.6750000000 0 P 14
L 4.899903 3.7049903000 4.9098998000 3.7149871 0 P 14
L 4.904903 3.575 4.8949062 3.575 0 P 14
L 4.904903 3.5849968000 4.904903 3.575 0 P 14
L 4.908 3.9520000000 4.908 5.152 0 P 14
L 4.908 3.9520000000 5.4040000000 3.9520000000 0 P 14
L 4.908 5.152 5.4040000000 5.152 0 P 14
L 4.9098998000 3.6949935000 4.899903 3.7049903000 0 P 14
L 4.9098998000 3.7149871 4.9398901 3.7149871 0 P 14
L 4.91181 5.57441 5.2818900000 5.57441 4 P 13
L 4.91181 6.1255900000 5.2818900000 6.1255900000 4 P 13
L 4.911812 5.2437000000 4.911812 6.4563000000 4 P 13
L 4.911812 5.2437000000 5.4 5.2437000000 4 P 13
L 4.911812 6.4563000000 5.4 6.4563000000 4 P 13
L 4.9298933000 3.6750000000 4.9398901 3.6849968000 0 P 14
L 4.9298933000 3.6949935000 4.9098998000 3.6949935000 0 P 14
L 4.9398901 3.6849968000 4.9298933000 3.6949935000 0 P 14
L 4.94489 3.6249838000 4.9548868000 3.6349806 0 P 14
L 4.9548868000 3.575 4.94489 3.5849968000 0 P 14
L 4.9548868000 3.6349806 4.9748803000 3.6349806 0 P 14
L 4.9598836 3.7149871 4.9798771 3.7149871 0 P 14
L 4.9648835 3.6049903000 4.9748803000 3.6049903000 0 P 14
L 4.9698804 3.6849968000 4.9798771 3.6750000000 0 P 14
L 4.9698804 3.7149871 4.9598836 3.7149871 0 P 14
L 4.9698804 3.7149871 4.9698804 3.6849968000 0 P 14
L 4.9698804 3.7249838000 4.9698804 3.7149871 0 P 14
L 4.9748803000 3.575 4.9548868000 3.575 0 P 14
L 4.9748803000 3.6049903000 4.9648835 3.6049903000 0 P 14
L 4.9748803000 3.6049903000 4.9848771 3.5949935 0 P 14
L 4.9748803000 3.6349806 4.9848771 3.6249838000 0 P 14
L 4.9798771 3.7149871 4.9698804 3.7149871 0 P 14
L 4.9848771 3.5849968000 4.9748803000 3.575 0 P 14
L 4.9848771 3.5949935 4.9848771 3.5849968000 0 P 14
L 4.9848771 3.6149871 4.9748803000 3.6049903000 0 P 14
L 4.9848771 3.6249838000 4.9848771 3.6149871 0 P 14
L 5.0098674 3.6849968000 5.0098674 3.7049903000 0 P 14
L 5.0098674 3.7049903000 5.0198642000 3.7149871 0 P 14
L 5.0198642000 3.6750000000 5.0098674 3.6849968000 0 P 14
L 5.0198642000 3.7149871 5.0398577000 3.7149871 0 P 14
L 5.0398577000 3.6750000000 5.0198642000 3.6750000000 0 P 14
L 5.0398577000 3.7149871 5.0498545 3.7049903000 0 P 14
L 5.0498545 3.6949935000 5.0098674 3.6949935000 0 P 14
L 5.0498545 3.7049903000 5.0498545 3.6949935000 0 P 14
L 5.069848 3.6750000000 5.069848 3.7149871 0 P 14
L 5.069848 3.7149871 5.0798448 3.7149871 0 P 14
L 5.0798448 3.7149871 5.0898415 3.7049903000 0 P 14
L 5.0898415 3.6750000000 5.0898415 3.7049903000 0 P 14
L 5.0898415 3.7049903000 5.0898415 3.6750000000 0 P 14
L 5.0898415 3.7049903000 5.0998383 3.7149871 0 P 14
L 5.0998383 3.7149871 5.1098351000 3.7049903000 0 P 14
L 5.1098351000 3.7049903000 5.1098351000 3.6750000000 0 P 14
L 5.1298286000 3.6750000000 5.1598189 3.6750000000 0 P 14
L 5.1298286000 3.7049903000 5.1398254 3.7149871 0 P 14
L 5.1398254 3.6949935000 5.1298286000 3.7049903000 0 P 14
L 5.1398254 3.7149871 5.1698157 3.7149871 0 P 14
L 5.1598189 3.6750000000 5.1698157 3.6849968000 0 P 14
L 5.1598189 3.6949935000 5.1398254 3.6949935000 0 P 14
L 5.1698157 3.6849968000 5.1598189 3.6949935000 0 P 14
L 5.2041339 5.6765843 5.2139732000 5.6667450000 8 P 19
L 5.2041339 5.696263 5.2041339 5.6765843 8 P 19
L 5.2041339 6.0037498000 5.2139732000 5.9939105 8 P 19
L 5.2041339 6.0234285000 5.2041339 6.0037498000 8 P 19
L 5.2139732000 5.6667450000 5.2533306000 5.6667450000 8 P 19
L 5.2139732000 5.7061023 5.2041339 5.696263 8 P 19
L 5.2139732000 5.9939105 5.2238126000 5.9939105 8 P 19
L 5.2139732000 6.0332678000 5.2041339 6.0234285000 8 P 19
L 5.2238126000 5.9939105 5.2336519 6.0037498000 8 P 19
L 5.23 6.49 5.2599903 6.49 0 P 14
L 5.23 6.5499806000 5.23 6.49 0 P 14
L 5.2336519 5.696263 5.2336519 5.6667450000 8 P 19
L 5.2336519 6.0037498000 5.2336519 6.0332678000 8 P 19
L 5.2336519 6.0332678000 5.2139732000 6.0332678000 8 P 19
L 5.2434912 5.7061023 5.2336519 5.696263 8 P 19
L 5.2497898 3.6849968000 5.2597866000 3.6750000000 0 P 14
L 5.2497898 3.7249838000 5.2497898 3.6849968000 0 P 14
L 5.2533306000 5.6667450000 5.2631699 5.6765843 8 P 19
L 5.2533306000 5.7061023 5.2434912 5.7061023 8 P 19
L 5.2533306000 6.0135891000 5.2336519 6.0332678000 8 P 19
L 5.2597866000 3.6750000000 5.2797801000 3.6750000000 0 P 14
L 5.2597866000 3.7349806 5.2497898 3.7249838000 0 P 14
L 5.2599903 6.49 5.2699871000 6.4999968000 0 P 14
L 5.2599903 6.5499806000 5.23 6.5499806000 0 P 14
L 5.2631699 5.6765843 5.2631699 5.696263 8 P 19
L 5.2631699 5.696263 5.2533306000 5.7061023 8 P 19
L 5.2631699 5.9939105 5.2533306000 6.0135891000 8 P 19
L 5.2699871000 6.4999968000 5.2699871000 6.5399838000 0 P 14
L 5.2699871000 6.5399838000 5.2599903 6.5499806000 0 P 14
L 5.2797801000 3.6750000000 5.2897769000 3.6849968000 0 P 14
L 5.2797801000 3.7349806 5.2597866000 3.7349806 0 P 14
L 5.2818900000 5.2437000000 5.2818900000 6.4563000000 4 P 13
L 5.2897769000 3.7249838000 5.2797801000 3.7349806 0 P 14
L 5.2899806000 6.4999968000 5.2999774 6.49 0 P 14
L 5.2899806000 6.5299871000 5.2999774 6.5199903000 0 P 14
L 5.2899806000 6.5399838000 5.2899806000 6.5299871000 0 P 14
L 5.2999774 6.49 5.3199709 6.49 0 P 14
L 5.2999774 6.5199903000 5.3299677 6.5199903000 0 P 14
L 5.2999774 6.5499806000 5.2899806000 6.5399838000 0 P 14
L 5.3050000000 3.9249806 5.3449871000 3.865 0 P 14
L 5.3097704000 3.6750000000 5.3097704000 3.7149871 0 P 14
L 5.3097704000 3.7149871 5.3297639000 3.7349806 0 P 14
L 5.3199709 6.49 5.3299677 6.4999968000 0 P 14
L 5.3199709 6.5499806000 5.2999774 6.5499806000 0 P 14
L 5.3297639000 3.7349806 5.3497575000 3.7149871 0 P 14
L 5.3299677 6.4999968000 5.3299677 6.5399838000 0 P 14
L 5.3299677 6.5399838000 5.3199709 6.5499806000 0 P 14
L 5.3449871000 3.9249806 5.3050000000 3.865 0 P 14
L 5.3497575000 3.6750000000 5.3497575000 3.7049903000 0 P 14
L 5.3497575000 3.7049903000 5.3097704000 3.7049903000 0 P 14
L 5.3497575000 3.7149871 5.3497575000 3.6750000000 0 P 14
L 5.3499612 6.5199903000 5.3499612 6.49 0 P 14
L 5.3499612 6.5199903000 5.3699547 6.5199903000 0 P 14
L 5.3499612 6.5499806000 5.3499612 6.5199903000 0 P 14
L 5.3649806000 3.865 5.3849741000 3.865 0 P 14
L 5.3697510000 3.6750000000 5.3697510000 3.7349806 0 P 14
L 5.3697510000 3.7349806 5.4097381 3.6750000000 0 P 14
L 5.3699547 6.5199903000 5.3499612 6.5199903000 0 P 14
L 5.3749774000 3.865 5.3749774000 3.9249806 0 P 14
L 5.3749774000 3.9249806 5.3649806000 3.9149838000 0 P 14
L 5.3849741000 3.865 5.3749774000 3.865 0 P 14
L 5.3899483 6.5499806000 5.3499612 6.5499806000 0 P 14
L 5.4 5.2437000000 5.4 6.4563000000 4 P 13
L 5.4040000000 3.9520000000 5.4040000000 5.152 0 P 14
L 5.4097381 3.6750000000 5.4097381 3.7349806 0 P 14
L 5.4275600000 5.5009840000 5.6086620000 5.5009840000 4 P 13
L 5.4275600000 6.199016 5.6086620000 6.199016 4 P 13
L 5.6362200000 5.528544 5.6362200000 6.171456 4 P 13
