
#
#Feature symbol names
#
$0 r6
$1 r10
$2 r20

#
#Layer features
#
L 1.4960097 4.7675598000 1.4960097 4.7875533000 0 P 79
L 1.4960097 4.7875533000 1.5060065 4.7975501000 0 P 79
L 1.4960097 4.8275404 1.5060065 4.8175436000 0 P 79
L 1.4960097 4.8475339 1.4960097 4.8275404 0 P 79
L 1.4960097 4.8875210000 1.4960097 4.9075145000 0 P 79
L 1.4960097 4.9075145000 1.5060065 4.9175113 0 P 79
L 1.4960097 4.9375048 1.4960097 4.9774919 0 P 79
L 1.4960097 4.9774919 1.5060065 4.9774919 0 P 79
L 1.4960097 5.0574660000 1.4960097 5.0774595000 0 P 79
L 1.4960097 5.0774595000 1.5060065 5.0874563 0 P 79
L 1.4960097 5.1174466 1.4960097 5.1374401 0 P 79
L 1.4960097 5.1374401 1.5060065 5.1474369000 0 P 79
L 1.5 3.06 1.52 3 1 P 14
L 1.5 6.8770000000 1.52 6.937 1 P 14
L 1.5060065 4.757563 1.4960097 4.7675598000 0 P 79
L 1.5060065 4.7975501000 1.5160032 4.7975501000 0 P 79
L 1.5060065 4.8175436000 1.5160032 4.8175436000 0 P 79
L 1.5060065 4.8575307000 1.4960097 4.8475339 0 P 79
L 1.5060065 4.8775242000 1.4960097 4.8875210000 0 P 79
L 1.5060065 4.9175113 1.5160032 4.9175113 0 P 79
L 1.5060065 4.9774919 1.5459935 4.9375048 0 P 79
L 1.5060065 5.0474692 1.4960097 5.0574660000 0 P 79
L 1.5060065 5.0874563 1.5459935 5.0874563 0 P 79
L 1.5060065 5.1074498 1.4960097 5.1174466 0 P 79
L 1.5060065 5.1474369000 1.5459935 5.1474369000 0 P 79
L 1.51 3 1.9900000000 3 1 P 14
L 1.51 6.937 1.9900000000 6.937 1 P 14
L 1.5160032 4.7975501000 1.526 4.7875533000 0 P 79
L 1.5160032 4.8175436000 1.526 4.8275404 0 P 79
L 1.5160032 4.9175113 1.526 4.9075145000 0 P 79
L 1.52 3 1.52 4.741563 1 P 14
L 1.52 3 1.54 3.06 1 P 14
L 1.52 5.1634369000 1.52 6.937 1 P 14
L 1.52 6.937 1.54 6.8770000000 1 P 14
L 1.526 4.7775565 1.526 4.7875533000 0 P 79
L 1.526 4.7875533000 1.526 4.7775565 0 P 79
L 1.526 4.7875533000 1.5359968000 4.7975501000 0 P 79
L 1.526 4.8275404 1.526 4.8575307000 0 P 79
L 1.526 4.8975177000 1.526 4.9075145000 0 P 79
L 1.526 4.9075145000 1.526 4.8975177000 0 P 79
L 1.526 4.9075145000 1.5359968000 4.9175113 0 P 79
L 1.5359968000 4.7975501000 1.5459935 4.7975501000 0 P 79
L 1.5359968000 4.9175113 1.5459935 4.9175113 0 P 79
L 1.5459935 4.7975501000 1.5559903000 4.7875533000 0 P 79
L 1.5459935 4.8175436000 1.5559903000 4.8275404 0 P 79
L 1.5459935 4.8575307000 1.5060065 4.8575307000 0 P 79
L 1.5459935 4.9175113 1.5559903000 4.9075145000 0 P 79
L 1.5459935 4.9375048 1.5559903000 4.9375048 0 P 79
L 1.5459935 4.9974854 1.5459935 5.0074822 0 P 79
L 1.5459935 5.0074822 1.5559903000 5.0074822 0 P 79
L 1.5459935 5.0474692 1.5060065 5.0474692 0 P 79
L 1.5459935 5.0874563 1.5559903000 5.0774595000 0 P 79
L 1.5459935 5.1074498 1.5060065 5.1074498 0 P 79
L 1.5459935 5.1474369000 1.5559903000 5.1374401 0 P 79
L 1.5559903000 4.7675598000 1.5459935 4.757563 0 P 79
L 1.5559903000 4.7875533000 1.5559903000 4.7675598000 0 P 79
L 1.5559903000 4.8275404 1.5559903000 4.8475339 0 P 79
L 1.5559903000 4.8475339 1.5459935 4.8575307000 0 P 79
L 1.5559903000 4.8875210000 1.5459935 4.8775242000 0 P 79
L 1.5559903000 4.9075145000 1.5559903000 4.8875210000 0 P 79
L 1.5559903000 4.9974854 1.5459935 4.9974854 0 P 79
L 1.5559903000 5.0074822 1.5559903000 4.9974854 0 P 79
L 1.5559903000 5.0574660000 1.5459935 5.0474692 0 P 79
L 1.5559903000 5.0774595000 1.5559903000 5.0574660000 0 P 79
L 1.5559903000 5.1174466 1.5459935 5.1074498 0 P 79
L 1.5559903000 5.1374401 1.5559903000 5.1174466 0 P 79
L 1.6960097000 4.7675598000 1.6960097000 4.7875533000 0 P 79
L 1.6960097000 4.7875533000 1.7060065000 4.7975501000 0 P 79
L 1.6960097000 4.8275404 1.6960097000 4.8475339 0 P 79
L 1.6960097000 4.8475339 1.7060065000 4.8575307000 0 P 79
L 1.6960097000 4.8875210000 1.6960097000 4.9075145000 0 P 79
L 1.6960097000 4.9075145000 1.7060065000 4.9175113 0 P 79
L 1.6960097000 4.9375048 1.6960097000 4.9774919 0 P 79
L 1.6960097000 4.9774919 1.7060065000 4.9774919 0 P 79
L 1.6960097000 5.0574660000 1.6960097000 5.0774595000 0 P 79
L 1.6960097000 5.0774595000 1.7060065000 5.0874563 0 P 79
L 1.6960097000 5.1174466 1.6960097000 5.1374401 0 P 79
L 1.6960097000 5.1374401 1.7060065000 5.1474369000 0 P 79
L 1.7000000000 3.3600000000 1.7200000000 3.3000000000 1 P 14
L 1.7000000000 6.5770000000 1.7200000000 6.6370000000 1 P 14
L 1.7060065000 4.757563 1.6960097000 4.7675598000 0 P 79
L 1.7060065000 4.7975501000 1.7160032 4.7975501000 0 P 79
L 1.7060065000 4.8175436000 1.6960097000 4.8275404 0 P 79
L 1.7060065000 4.8575307000 1.7160032 4.8575307000 0 P 79
L 1.7060065000 4.8775242000 1.6960097000 4.8875210000 0 P 79
L 1.7060065000 4.9175113 1.7160032 4.9175113 0 P 79
L 1.7060065000 4.9774919 1.7459935000 4.9375048 0 P 79
L 1.7060065000 5.0474692 1.6960097000 5.0574660000 0 P 79
L 1.7060065000 5.0874563 1.7459935000 5.0874563 0 P 79
L 1.7060065000 5.1074498 1.6960097000 5.1174466 0 P 79
L 1.7060065000 5.1474369000 1.7459935000 5.1474369000 0 P 79
L 1.7100000000 3.3000000000 2.285 3.3000000000 1 P 14
L 1.7100000000 6.6370000000 2.285 6.6370000000 1 P 14
L 1.7160032 4.7975501000 1.7260000000 4.7875533000 0 P 79
L 1.7160032 4.8575307000 1.7260000000 4.8475339 0 P 79
L 1.7160032 4.9175113 1.7260000000 4.9075145000 0 P 79
L 1.7200000000 3.3000000000 1.7200000000 4.741563 1 P 14
L 1.7200000000 3.3000000000 1.7400000000 3.3600000000 1 P 14
L 1.7200000000 5.1634369000 1.7200000000 6.6370000000 1 P 14
L 1.7200000000 6.6370000000 1.7400000000 6.5770000000 1 P 14
L 1.7260000000 4.7775565 1.7260000000 4.7875533000 0 P 79
L 1.7260000000 4.7875533000 1.7260000000 4.7775565 0 P 79
L 1.7260000000 4.7875533000 1.7359968000 4.7975501000 0 P 79
L 1.7260000000 4.8375371000 1.7260000000 4.8475339 0 P 79
L 1.7260000000 4.8475339 1.7260000000 4.8375371000 0 P 79
L 1.7260000000 4.8475339 1.7359968000 4.8575307000 0 P 79
L 1.7260000000 4.8975177000 1.7260000000 4.9075145000 0 P 79
L 1.7260000000 4.9075145000 1.7260000000 4.8975177000 0 P 79
L 1.7260000000 4.9075145000 1.7359968000 4.9175113 0 P 79
L 1.7359968000 4.7975501000 1.7459935000 4.7975501000 0 P 79
L 1.7359968000 4.8575307000 1.7459935000 4.8575307000 0 P 79
L 1.7359968000 4.9175113 1.7459935000 4.9175113 0 P 79
L 1.7459935000 4.7975501000 1.7559903000 4.7875533000 0 P 79
L 1.7459935000 4.8575307000 1.7559903000 4.8475339 0 P 79
L 1.7459935000 4.9175113 1.7559903000 4.9075145000 0 P 79
L 1.7459935000 4.9375048 1.7559903000 4.9375048 0 P 79
L 1.7459935000 4.9974854 1.7459935000 5.0074822 0 P 79
L 1.7459935000 5.0074822 1.7559903000 5.0074822 0 P 79
L 1.7459935000 5.0474692 1.7060065000 5.0474692 0 P 79
L 1.7459935000 5.0874563 1.7559903000 5.0774595000 0 P 79
L 1.7459935000 5.1074498 1.7060065000 5.1074498 0 P 79
L 1.7459935000 5.1474369000 1.7559903000 5.1374401 0 P 79
L 1.7559903000 4.7675598000 1.7459935000 4.757563 0 P 79
L 1.7559903000 4.7875533000 1.7559903000 4.7675598000 0 P 79
L 1.7559903000 4.8275404 1.7459935000 4.8175436000 0 P 79
L 1.7559903000 4.8475339 1.7559903000 4.8275404 0 P 79
L 1.7559903000 4.8875210000 1.7459935000 4.8775242000 0 P 79
L 1.7559903000 4.9075145000 1.7559903000 4.8875210000 0 P 79
L 1.7559903000 4.9974854 1.7459935000 4.9974854 0 P 79
L 1.7559903000 5.0074822 1.7559903000 4.9974854 0 P 79
L 1.7559903000 5.0574660000 1.7459935000 5.0474692 0 P 79
L 1.7559903000 5.0774595000 1.7559903000 5.0574660000 0 P 79
L 1.7559903000 5.1174466 1.7459935000 5.1074498 0 P 79
L 1.7559903000 5.1374401 1.7559903000 5.1174466 0 P 79
L 1.8650000000 -1.4050129 1.8849935000 -1.3850194 1 P 14
L 1.8650000000 -1.445 1.8650000000 -1.4050129 1 P 14
L 1.8849935000 -1.3850194 1.9049871 -1.4050129 1 P 14
L 1.9049871 -1.4050129 1.9049871 -1.445 1 P 14
L 1.9049871 -1.4150097000 1.8650000000 -1.4150097000 1 P 14
L 1.9049871 -1.445 1.9049871 -1.4150097000 1 P 14
L 1.9249806 -1.445 1.9449741 -1.445 1 P 14
L 1.9349774000 -1.3850194 1.9249806 -1.3850194 1 P 14
L 1.9349774000 -1.445 1.9349774000 -1.3850194 1 P 14
L 1.9449741 -1.445 1.9349774000 -1.445 1 P 14
L 1.9749644000 -1.445 1.9949579000 -1.445 1 P 14
L 1.9849612 -1.3850194 1.9749644000 -1.3850194 1 P 14
L 1.9849612 -1.445 1.9849612 -1.3850194 1 P 14
L 1.9949579000 -1.445 1.9849612 -1.445 1 P 14
L 2 2.56 2 2.99 1 P 14
L 2 2.5700000000 2.06 2.5500000000 1 P 14
L 2 2.5700000000 2.06 2.5900000000 1 P 14
L 2 2.5700000000 3.741563 2.5700000000 1 P 14
L 2 3 2 6.9170000000 2 P 78
L 2 3 5.937 3 2 P 78
L 2 6.9170000000 2 6.937 2 P 78
L 2 6.937 5.937 6.937 2 P 78
L 2.0849288 -1.3850194 2.1049223 -1.3850194 1 P 14
L 2.0849288 -1.445 2.1049223 -1.445 1 P 14
L 2.0949256000 -1.3850194 2.0949256000 -1.445 1 P 14
L 2.0949256000 -1.445 2.0849288 -1.445 1 P 14
L 2.1049223 -1.3850194 2.0949256000 -1.3850194 1 P 14
L 2.1349126000 -1.4050129 2.1649029000 -1.4050129 1 P 14
L 2.1349126000 -1.445 2.1349126000 -1.4050129 1 P 14
L 2.1649029000 -1.4050129 2.1748997 -1.4150097000 1 P 14
L 2.1748997 -1.4150097000 2.1748997 -1.445 1 P 14
L 2.1948932 -1.4150097000 2.2048900000 -1.4050129 1 P 14
L 2.1948932 -1.4350032000 2.1948932 -1.4150097000 1 P 14
L 2.2048900000 -1.4050129 2.2348803000 -1.4050129 1 P 14
L 2.2048900000 -1.445 2.1948932 -1.4350032000 1 P 14
L 2.2348803000 -1.3850194 2.2348803000 -1.445 1 P 14
L 2.2348803000 -1.445 2.2048900000 -1.445 1 P 14
L 2.2548738000 -1.445 2.2748673000 -1.445 1 P 14
L 2.2648706 -1.4050129 2.2548738000 -1.4050129 1 P 14
L 2.2648706 -1.445 2.2648706 -1.4050129 1 P 14
L 2.2748673000 -1.445 2.2648706 -1.445 1 P 14
L 2.3000000000 2.79 2.3000000000 3.285 1 P 14
L 2.3000000000 2.8000000000 2.3600000000 2.7800000000 1 P 14
L 2.3000000000 2.8000000000 2.3600000000 2.8200000000 1 P 14
L 2.3000000000 2.8000000000 3.741563 2.8000000000 1 P 14
L 2.3048576 -1.4150097000 2.3048576 -1.4350032000 1 P 14
L 2.3048576 -1.4350032000 2.3148544 -1.445 1 P 14
L 2.3148544 -1.4050129 2.3048576 -1.4150097000 1 P 14
L 2.3148544 -1.445 2.3448447000 -1.445 1 P 14
L 2.3448447000 -1.4050129 2.3148544 -1.4050129 1 P 14
L 2.3648382000 -1.4350032000 2.374835 -1.4250065 1 P 14
L 2.374835 -1.4050129 2.3948285 -1.4050129 1 P 14
L 2.374835 -1.4250065 2.4048253 -1.4250065 1 P 14
L 2.374835 -1.445 2.3648382000 -1.4350032000 1 P 14
L 2.3948285 -1.4050129 2.4048253 -1.4150097000 1 P 14
L 2.4048253 -1.4150097000 2.4048253 -1.445 1 P 14
L 2.4048253 -1.445 2.374835 -1.445 1 P 14
L 2.4248188 -1.4050129 2.4448123 -1.4050129 1 P 14
L 2.4348156000 -1.3950162000 2.4348156000 -1.4050129 1 P 14
L 2.4348156000 -1.4050129 2.4248188 -1.4050129 1 P 14
L 2.4348156000 -1.4050129 2.4348156000 -1.4350032000 1 P 14
L 2.4348156000 -1.4350032000 2.4448123 -1.445 1 P 14
L 2.4448123 -1.4050129 2.4348156000 -1.4050129 1 P 14
L 2.4748026000 -1.4150097000 2.4847994000 -1.4050129 1 P 14
L 2.4748026000 -1.4350032000 2.4748026000 -1.4150097000 1 P 14
L 2.4847994000 -1.4050129 2.5047929000 -1.4050129 1 P 14
L 2.4847994000 -1.445 2.4748026000 -1.4350032000 1 P 14
L 2.5047929000 -1.4050129 2.5147897 -1.4150097000 1 P 14
L 2.5047929000 -1.445 2.4847994000 -1.445 1 P 14
L 2.5147897 -1.4150097000 2.5147897 -1.4250065 1 P 14
L 2.5147897 -1.4250065 2.4748026000 -1.4250065 1 P 14
L 2.5347832 -1.4150097000 2.5447800000 -1.4050129 1 P 14
L 2.5347832 -1.4350032000 2.5347832 -1.4150097000 1 P 14
L 2.5447800000 -1.4050129 2.5747703000 -1.4050129 1 P 14
L 2.5447800000 -1.445 2.5347832 -1.4350032000 1 P 14
L 2.5747703000 -1.3850194 2.5747703000 -1.445 1 P 14
L 2.5747703000 -1.445 2.5447800000 -1.445 1 P 14
L 2.6547444000 -1.3850194 2.6547444000 -1.445 1 P 14
L 2.6547444000 -1.445 2.6847347000 -1.445 1 P 14
L 2.6847347000 -1.3850194 2.6547444000 -1.3850194 1 P 14
L 2.6847347000 -1.445 2.6947315 -1.4350032000 1 P 14
L 2.6947315 -1.3950162000 2.6847347000 -1.3850194 1 P 14
L 2.6947315 -1.4350032000 2.6947315 -1.3950162000 1 P 14
L 2.714725 -1.445 2.7347185 -1.445 1 P 14
L 2.7247218 -1.4050129 2.714725 -1.4050129 1 P 14
L 2.7247218 -1.445 2.7247218 -1.4050129 1 P 14
L 2.7347185 -1.445 2.7247218 -1.445 1 P 14
L 2.7647088 -1.4050129 2.7747056000 -1.4050129 1 P 14
L 2.7647088 -1.445 2.7647088 -1.4050129 1 P 14
L 2.7747056000 -1.4050129 2.7847023 -1.4150097000 1 P 14
L 2.7847023 -1.4150097000 2.7847023 -1.445 1 P 14
L 2.7847023 -1.4150097000 2.7946991000 -1.4050129 1 P 14
L 2.7847023 -1.445 2.7847023 -1.4150097000 1 P 14
L 2.7946991000 -1.4050129 2.8046959 -1.4150097000 1 P 14
L 2.8046959 -1.4150097000 2.8046959 -1.445 1 P 14
L 2.8246894 -1.4150097000 2.8346862 -1.4050129 1 P 14
L 2.8246894 -1.4350032000 2.8246894 -1.4150097000 1 P 14
L 2.8346862 -1.4050129 2.8546797 -1.4050129 1 P 14
L 2.8346862 -1.445 2.8246894 -1.4350032000 1 P 14
L 2.8546797 -1.4050129 2.8646765000 -1.4150097000 1 P 14
L 2.8546797 -1.445 2.8346862 -1.445 1 P 14
L 2.8646765000 -1.4150097000 2.8646765000 -1.4250065 1 P 14
L 2.8646765000 -1.4250065 2.8246894 -1.4250065 1 P 14
L 2.8846700000 -1.4050129 2.9146603000 -1.4050129 1 P 14
L 2.8846700000 -1.445 2.8846700000 -1.4050129 1 P 14
L 2.9146603000 -1.4050129 2.9246571 -1.4150097000 1 P 14
L 2.9246571 -1.4150097000 2.9246571 -1.445 1 P 14
L 2.9446506 -1.4150097000 2.9546474000 -1.4050129 1 P 14
L 2.9446506 -1.445 2.9746409000 -1.445 1 P 14
L 2.9546474000 -1.4050129 2.9846377000 -1.4050129 1 P 14
L 2.9546474000 -1.4250065 2.9446506 -1.4150097000 1 P 14
L 2.9650000000 2.4050000000 2.9650000000 2.4449871 1 P 14
L 2.9650000000 2.4449871 2.9849935000 2.4649806 1 P 14
L 2.9746409000 -1.4250065 2.9546474000 -1.4250065 1 P 14
L 2.9746409000 -1.445 2.9846377000 -1.4350032000 1 P 14
L 2.9846377000 -1.4350032000 2.9746409000 -1.4250065 1 P 14
L 2.9849935000 2.4649806 3.0049871 2.4449871 1 P 14
L 3.0046312000 -1.445 3.0246247000 -1.445 1 P 14
L 3.0049871 2.4050000000 3.0049871 2.4349903000 1 P 14
L 3.0049871 2.4349903000 2.9650000000 2.4349903000 1 P 14
L 3.0049871 2.4449871 3.0049871 2.4050000000 1 P 14
L 3.014628 -1.4050129 3.0046312000 -1.4050129 1 P 14
L 3.014628 -1.445 3.014628 -1.4050129 1 P 14
L 3.0246247000 -1.445 3.014628 -1.445 1 P 14
L 3.0249806 2.4050000000 3.0449741 2.4050000000 1 P 14
L 3.0349774000 2.4050000000 3.0349774000 2.4649806 1 P 14
L 3.0349774000 2.4649806 3.0249806 2.4649806 1 P 14
L 3.0449741 2.4050000000 3.0349774000 2.4050000000 1 P 14
L 3.054615 -1.4150097000 3.054615 -1.4350032000 1 P 14
L 3.054615 -1.4350032000 3.0646118 -1.445 1 P 14
L 3.0646118 -1.4050129 3.054615 -1.4150097000 1 P 14
L 3.0646118 -1.445 3.0846053 -1.445 1 P 14
L 3.0749644000 2.4050000000 3.0949579000 2.4050000000 1 P 14
L 3.0846053 -1.4050129 3.0646118 -1.4050129 1 P 14
L 3.0846053 -1.445 3.0946021000 -1.4350032000 1 P 14
L 3.0849612 2.4050000000 3.0849612 2.4649806 1 P 14
L 3.0849612 2.4649806 3.0749644000 2.4649806 1 P 14
L 3.0946021000 -1.4150097000 3.0846053 -1.4050129 1 P 14
L 3.0946021000 -1.4350032000 3.0946021000 -1.4150097000 1 P 14
L 3.0949579000 2.4050000000 3.0849612 2.4050000000 1 P 14
L 3.1145956000 -1.4050129 3.1445859 -1.4050129 1 P 14
L 3.1145956000 -1.445 3.1145956000 -1.4050129 1 P 14
L 3.1445859 -1.4050129 3.1545827 -1.4150097000 1 P 14
L 3.1545827 -1.4150097000 3.1545827 -1.445 1 P 14
L 3.1745762 -1.4150097000 3.1845730000 -1.4050129 1 P 14
L 3.1745762 -1.445 3.2045665000 -1.445 1 P 14
L 3.1845730000 -1.4050129 3.2145633 -1.4050129 1 P 14
L 3.1845730000 -1.4250065 3.1745762 -1.4150097000 1 P 14
L 3.1849288000 2.4050000000 3.2049223000 2.4050000000 1 P 14
L 3.1849288000 2.4649806 3.2049223000 2.4649806 1 P 14
L 3.1949256000 2.4050000000 3.1849288000 2.4050000000 1 P 14
L 3.1949256000 2.4649806 3.1949256000 2.4050000000 1 P 14
L 3.2045665000 -1.4250065 3.1845730000 -1.4250065 1 P 14
L 3.2045665000 -1.445 3.2145633 -1.4350032000 1 P 14
L 3.2049223000 2.4649806 3.1949256000 2.4649806 1 P 14
L 3.2145633 -1.4350032000 3.2045665000 -1.4250065 1 P 14
L 3.2349126000 2.4050000000 3.2349126000 2.4449871 1 P 14
L 3.2349126000 2.4449871 3.2649029 2.4449871 1 P 14
L 3.2649029 2.4449871 3.2748997 2.4349903000 1 P 14
L 3.2748997 2.4349903000 3.2748997 2.4050000000 1 P 14
L 3.2945374000 -1.445 3.3145309000 -1.445 1 P 14
L 3.2948932 2.4149968000 3.2948932 2.4349903000 1 P 14
L 3.2948932 2.4349903000 3.3048900000 2.4449871 1 P 14
L 3.3045342000 -1.4050129 3.2945374000 -1.4050129 1 P 14
L 3.3045342000 -1.445 3.3045342000 -1.4050129 1 P 14
L 3.3048900000 2.4050000000 3.2948932 2.4149968000 1 P 14
L 3.3048900000 2.4449871 3.3348803 2.4449871 1 P 14
L 3.3145309000 -1.445 3.3045342000 -1.445 1 P 14
L 3.3348803 2.4050000000 3.3048900000 2.4050000000 1 P 14
L 3.3348803 2.4649806 3.3348803 2.4050000000 1 P 14
L 3.3445212000 -1.4050129 3.3745115 -1.4050129 1 P 14
L 3.3445212000 -1.445 3.3445212000 -1.4050129 1 P 14
L 3.3548738 2.4050000000 3.3748673 2.4050000000 1 P 14
L 3.3648706 2.4050000000 3.3648706 2.4449871 1 P 14
L 3.3648706 2.4449871 3.3548738 2.4449871 1 P 14
L 3.3745115 -1.4050129 3.3845083000 -1.4150097000 1 P 14
L 3.3748673 2.4050000000 3.3648706 2.4050000000 1 P 14
L 3.3845083000 -1.4150097000 3.3845083000 -1.445 1 P 14
L 3.4048576 2.4149968000 3.4148544000 2.4050000000 1 P 14
L 3.4048576 2.4349903000 3.4048576 2.4149968000 1 P 14
L 3.4148544000 2.4050000000 3.4448447000 2.4050000000 1 P 14
L 3.4148544000 2.4449871 3.4048576 2.4349903000 1 P 14
L 3.4448447000 2.4449871 3.4148544000 2.4449871 1 P 14
L 3.4644824 -1.4050129 3.4744792 -1.4050129 1 P 14
L 3.4644824 -1.445 3.4644824 -1.4050129 1 P 14
L 3.4648382000 2.4149968000 3.474835 2.4249935000 1 P 14
L 3.4744792 -1.4050129 3.4844759 -1.4150097000 1 P 14
L 3.474835 2.4050000000 3.4648382000 2.4149968000 1 P 14
L 3.474835 2.4249935000 3.5048253000 2.4249935000 1 P 14
L 3.474835 2.4449871 3.4948285 2.4449871 1 P 14
L 3.4844759 -1.4150097000 3.4844759 -1.445 1 P 14
L 3.4844759 -1.4150097000 3.4944727 -1.4050129 1 P 14
L 3.4844759 -1.445 3.4844759 -1.4150097000 1 P 14
L 3.4944727 -1.4050129 3.5044695000 -1.4150097000 1 P 14
L 3.4948285 2.4449871 3.5048253000 2.4349903000 1 P 14
L 3.5044695000 -1.4150097000 3.5044695000 -1.445 1 P 14
L 3.5048253000 2.4050000000 3.474835 2.4050000000 1 P 14
L 3.5048253000 2.4349903000 3.5048253000 2.4050000000 1 P 14
L 3.5244630000 -1.4050129 3.5344598000 -1.4050129 1 P 14
L 3.5244630000 -1.445 3.5244630000 -1.4050129 1 P 14
L 3.5248188000 2.4449871 3.5448123000 2.4449871 1 P 14
L 3.5344598000 -1.4050129 3.5444565000 -1.4150097000 1 P 14
L 3.5348156000 2.4149968000 3.5448123000 2.4050000000 1 P 14
L 3.5348156000 2.4449871 3.5248188000 2.4449871 1 P 14
L 3.5348156000 2.4449871 3.5348156000 2.4149968000 1 P 14
L 3.5348156000 2.4549838000 3.5348156000 2.4449871 1 P 14
L 3.5444565000 -1.4150097000 3.5444565000 -1.445 1 P 14
L 3.5444565000 -1.4150097000 3.5544533000 -1.4050129 1 P 14
L 3.5444565000 -1.445 3.5444565000 -1.4150097000 1 P 14
L 3.5448123000 2.4449871 3.5348156000 2.4449871 1 P 14
L 3.5544533000 -1.4050129 3.5644501 -1.4150097000 1 P 14
L 3.5644501 -1.4150097000 3.5644501 -1.445 1 P 14
L 3.5748026000 2.4149968000 3.5748026000 2.4349903000 1 P 14
L 3.5748026000 2.4349903000 3.5847994 2.4449871 1 P 14
L 3.5847994 2.4050000000 3.5748026000 2.4149968000 1 P 14
L 3.5847994 2.4449871 3.6047929 2.4449871 1 P 14
L 3.6047929 2.4050000000 3.5847994 2.4050000000 1 P 14
L 3.6047929 2.4449871 3.6147897 2.4349903000 1 P 14
L 3.6147897 2.4249935000 3.5748026000 2.4249935000 1 P 14
L 3.6147897 2.4349903000 3.6147897 2.4249935000 1 P 14
L 3.6347832 2.4149968000 3.6347832 2.4349903000 1 P 14
L 3.6347832 2.4349903000 3.6447800000 2.4449871 1 P 14
L 3.6447800000 2.4050000000 3.6347832 2.4149968000 1 P 14
L 3.6447800000 2.4449871 3.6747703000 2.4449871 1 P 14
L 3.6747703000 2.4050000000 3.6447800000 2.4050000000 1 P 14
L 3.6747703000 2.4649806 3.6747703000 2.4050000000 1 P 14
L 3.7547444000 2.4050000000 3.7847347 2.4050000000 1 P 14
L 3.7547444000 2.4649806 3.7547444000 2.4050000000 1 P 14
L 3.757563 2.5839935 3.7675598000 2.5939903 0 P 79
L 3.757563 2.8139935 3.7675598000 2.8239903 0 P 79
L 3.7675598000 2.5340097000 3.757563 2.5440065 0 P 79
L 3.7675598000 2.5939903 3.7875533000 2.5939903 0 P 79
L 3.7675598000 2.7640097000 3.757563 2.7740065 0 P 79
L 3.7675598000 2.8239903 3.7875533000 2.8239903 0 P 79
L 3.7775565 2.564 3.7875533000 2.564 0 P 79
L 3.7775565 2.794 3.7875533000 2.794 0 P 79
L 3.7847347 2.4050000000 3.7947315 2.4149968000 1 P 14
L 3.7847347 2.4649806 3.7547444000 2.4649806 1 P 14
L 3.7875533000 2.5340097000 3.7675598000 2.5340097000 0 P 79
L 3.7875533000 2.564 3.7775565 2.564 0 P 79
L 3.7875533000 2.564 3.7975501 2.5540032000 0 P 79
L 3.7875533000 2.5939903 3.7975501 2.5839935 0 P 79
L 3.7875533000 2.7640097000 3.7675598000 2.7640097000 0 P 79
L 3.7875533000 2.794 3.7775565 2.794 0 P 79
L 3.7875533000 2.794 3.7975501 2.7840032000 0 P 79
L 3.7875533000 2.8239903 3.7975501 2.8139935 0 P 79
L 3.7947315 2.4149968000 3.7947315 2.4549838000 1 P 14
L 3.7947315 2.4549838000 3.7847347 2.4649806 1 P 14
L 3.7975501 2.5440065 3.7875533000 2.5340097000 0 P 79
L 3.7975501 2.5540032000 3.7975501 2.5440065 0 P 79
L 3.7975501 2.5739968 3.7875533000 2.564 0 P 79
L 3.7975501 2.5839935 3.7975501 2.5739968 0 P 79
L 3.7975501 2.7740065 3.7875533000 2.7640097000 0 P 79
L 3.7975501 2.7840032000 3.7975501 2.7740065 0 P 79
L 3.7975501 2.8039968 3.7875533000 2.794 0 P 79
L 3.7975501 2.8139935 3.7975501 2.8039968 0 P 79
L 3.814725 2.4050000000 3.8347185 2.4050000000 1 P 14
L 3.8175436 2.5440065 3.8275404 2.5340097000 0 P 79
L 3.8175436 2.5739968 3.8275404 2.564 0 P 79
L 3.8175436 2.5839935 3.8175436 2.5739968 0 P 79
L 3.8175436 2.8139935 3.8275404 2.8239903 0 P 79
L 3.8247218000 2.4050000000 3.8247218000 2.4449871 1 P 14
L 3.8247218000 2.4449871 3.814725 2.4449871 1 P 14
L 3.8275404 2.5340097000 3.8475339 2.5340097000 0 P 79
L 3.8275404 2.564 3.8575307000 2.564 0 P 79
L 3.8275404 2.5939903 3.8175436 2.5839935 0 P 79
L 3.8275404 2.7640097000 3.8175436 2.7740065 0 P 79
L 3.8275404 2.8239903 3.8475339 2.8239903 0 P 79
L 3.8347185 2.4050000000 3.8247218000 2.4050000000 1 P 14
L 3.8375371 2.794 3.8475339 2.794 0 P 79
L 3.8475339 2.5340097000 3.8575307000 2.5440065 0 P 79
L 3.8475339 2.5939903 3.8275404 2.5939903 0 P 79
L 3.8475339 2.7640097000 3.8275404 2.7640097000 0 P 79
L 3.8475339 2.794 3.8375371 2.794 0 P 79
L 3.8475339 2.794 3.8575307000 2.7840032000 0 P 79
L 3.8475339 2.8239903 3.8575307000 2.8139935 0 P 79
L 3.8575307000 2.5440065 3.8575307000 2.5839935 0 P 79
L 3.8575307000 2.5839935 3.8475339 2.5939903 0 P 79
L 3.8575307000 2.7740065 3.8475339 2.7640097000 0 P 79
L 3.8575307000 2.7840032000 3.8575307000 2.7740065 0 P 79
L 3.8575307000 2.8039968 3.8475339 2.794 0 P 79
L 3.8575307000 2.8139935 3.8575307000 2.8039968 0 P 79
L 3.8647088000 2.4050000000 3.8647088000 2.4449871 1 P 14
L 3.8647088000 2.4449871 3.8747056000 2.4449871 1 P 14
L 3.8747056000 2.4449871 3.8847023000 2.4349903000 1 P 14
L 3.8775242000 2.5839935 3.887521 2.5939903 0 P 79
L 3.8775242000 2.8139935 3.887521 2.8239903 0 P 79
L 3.8847023000 2.4050000000 3.8847023000 2.4349903000 1 P 14
L 3.8847023000 2.4349903000 3.8847023000 2.4050000000 1 P 14
L 3.8847023000 2.4349903000 3.8946991000 2.4449871 1 P 14
L 3.887521 2.5340097000 3.8775242000 2.5440065 0 P 79
L 3.887521 2.5939903 3.9075145 2.5939903 0 P 79
L 3.887521 2.7640097000 3.8775242000 2.7740065 0 P 79
L 3.887521 2.8239903 3.9075145 2.8239903 0 P 79
L 3.8946991000 2.4449871 3.9046959 2.4349903000 1 P 14
L 3.8975177000 2.564 3.9075145 2.564 0 P 79
L 3.8975177000 2.794 3.9075145 2.794 0 P 79
L 3.9046959 2.4349903000 3.9046959 2.4050000000 1 P 14
L 3.9075145 2.5340097000 3.887521 2.5340097000 0 P 79
L 3.9075145 2.564 3.8975177000 2.564 0 P 79
L 3.9075145 2.564 3.9175113 2.5540032000 0 P 79
L 3.9075145 2.5939903 3.9175113 2.5839935 0 P 79
L 3.9075145 2.7640097000 3.887521 2.7640097000 0 P 79
L 3.9075145 2.794 3.8975177000 2.794 0 P 79
L 3.9075145 2.794 3.9175113 2.7840032000 0 P 79
L 3.9075145 2.8239903 3.9175113 2.8139935 0 P 79
L 3.9175113 2.5440065 3.9075145 2.5340097000 0 P 79
L 3.9175113 2.5540032000 3.9175113 2.5440065 0 P 79
L 3.9175113 2.5739968 3.9075145 2.564 0 P 79
L 3.9175113 2.5839935 3.9175113 2.5739968 0 P 79
L 3.9175113 2.7740065 3.9075145 2.7640097000 0 P 79
L 3.9175113 2.7840032000 3.9175113 2.7740065 0 P 79
L 3.9175113 2.8039968 3.9075145 2.794 0 P 79
L 3.9175113 2.8139935 3.9175113 2.8039968 0 P 79
L 3.9246894 2.4149968000 3.9246894 2.4349903000 1 P 14
L 3.9246894 2.4349903000 3.9346862000 2.4449871 1 P 14
L 3.9346862000 2.4050000000 3.9246894 2.4149968000 1 P 14
L 3.9346862000 2.4449871 3.9546797000 2.4449871 1 P 14
L 3.9375048 2.5440065 3.9375048 2.5340097000 0 P 79
L 3.9375048 2.5939903 3.9774919000 2.5939903 0 P 79
L 3.9375048 2.7740065 3.9375048 2.7640097000 0 P 79
L 3.9375048 2.8239903 3.9774919000 2.8239903 0 P 79
L 3.9546797000 2.4050000000 3.9346862000 2.4050000000 1 P 14
L 3.9546797000 2.4449871 3.9646765000 2.4349903000 1 P 14
L 3.9646765000 2.4249935000 3.9246894 2.4249935000 1 P 14
L 3.9646765000 2.4349903000 3.9646765000 2.4249935000 1 P 14
L 3.9774919000 2.5839935 3.9375048 2.5440065 0 P 79
L 3.9774919000 2.5939903 3.9774919000 2.5839935 0 P 79
L 3.9774919000 2.8139935 3.9375048 2.7740065 0 P 79
L 3.9774919000 2.8239903 3.9774919000 2.8139935 0 P 79
L 3.9846700000 2.4050000000 3.9846700000 2.4449871 1 P 14
L 3.9846700000 2.4449871 4.0146603 2.4449871 1 P 14
L 3.9974854000 2.5340097000 3.9974854000 2.5440065 0 P 79
L 3.9974854000 2.5440065 4.0074822 2.5440065 0 P 79
L 3.9974854000 2.7640097000 3.9974854000 2.7740065 0 P 79
L 3.9974854000 2.7740065 4.0074822 2.7740065 0 P 79
L 4.0074822 2.5340097000 3.9974854000 2.5340097000 0 P 79
L 4.0074822 2.5440065 4.0074822 2.5340097000 0 P 79
L 4.0074822 2.7640097000 3.9974854000 2.7640097000 0 P 79
L 4.0074822 2.7740065 4.0074822 2.7640097000 0 P 79
L 4.0146603 2.4449871 4.0246571000 2.4349903000 1 P 14
L 4.0246571000 2.4349903000 4.0246571000 2.4050000000 1 P 14
L 4.0446506000 2.4050000000 4.0746409 2.4050000000 1 P 14
L 4.0446506000 2.4349903000 4.0546474 2.4449871 1 P 14
L 4.0474692 2.5440065 4.0474692 2.5839935 0 P 79
L 4.0474692 2.5839935 4.0574660000 2.5939903 0 P 79
L 4.0474692 2.7740065 4.0474692 2.8139935 0 P 79
L 4.0474692 2.8139935 4.0574660000 2.8239903 0 P 79
L 4.0546474 2.4249935000 4.0446506000 2.4349903000 1 P 14
L 4.0546474 2.4449871 4.0846377 2.4449871 1 P 14
L 4.0574660000 2.5340097000 4.0474692 2.5440065 0 P 79
L 4.0574660000 2.5939903 4.0774595000 2.5939903 0 P 79
L 4.0574660000 2.7640097000 4.0474692 2.7740065 0 P 79
L 4.0574660000 2.8239903 4.0774595000 2.8239903 0 P 79
L 4.0746409 2.4050000000 4.0846377 2.4149968000 1 P 14
L 4.0746409 2.4249935000 4.0546474 2.4249935000 1 P 14
L 4.0774595000 2.5340097000 4.0574660000 2.5340097000 0 P 79
L 4.0774595000 2.5939903 4.0874563 2.5839935 0 P 79
L 4.0774595000 2.7640097000 4.0574660000 2.7640097000 0 P 79
L 4.0774595000 2.8239903 4.0874563 2.8139935 0 P 79
L 4.0846377 2.4149968000 4.0746409 2.4249935000 1 P 14
L 4.0874563 2.5440065 4.0774595000 2.5340097000 0 P 79
L 4.0874563 2.5839935 4.0874563 2.5440065 0 P 79
L 4.0874563 2.7740065 4.0774595000 2.7640097000 0 P 79
L 4.0874563 2.8139935 4.0874563 2.7740065 0 P 79
L 4.1046312 2.4050000000 4.1246247 2.4050000000 1 P 14
L 4.1074498 2.5440065 4.1074498 2.5839935 0 P 79
L 4.1074498 2.5839935 4.1174466 2.5939903 0 P 79
L 4.1074498 2.7740065 4.1074498 2.8139935 0 P 79
L 4.1074498 2.8139935 4.1174466 2.8239903 0 P 79
L 4.1146280000 2.4050000000 4.1146280000 2.4449871 1 P 14
L 4.1146280000 2.4449871 4.1046312 2.4449871 1 P 14
L 4.1174466 2.5340097000 4.1074498 2.5440065 0 P 79
L 4.1174466 2.5939903 4.1374401 2.5939903 0 P 79
L 4.1174466 2.7640097000 4.1074498 2.7740065 0 P 79
L 4.1174466 2.8239903 4.1374401 2.8239903 0 P 79
L 4.1246247 2.4050000000 4.1146280000 2.4050000000 1 P 14
L 4.1374401 2.5340097000 4.1174466 2.5340097000 0 P 79
L 4.1374401 2.5939903 4.1474369000 2.5839935 0 P 79
L 4.1374401 2.7640097000 4.1174466 2.7640097000 0 P 79
L 4.1374401 2.8239903 4.1474369000 2.8139935 0 P 79
L 4.1474369000 2.5440065 4.1374401 2.5340097000 0 P 79
L 4.1474369000 2.5839935 4.1474369000 2.5440065 0 P 79
L 4.1474369000 2.7740065 4.1374401 2.7640097000 0 P 79
L 4.1474369000 2.8139935 4.1474369000 2.7740065 0 P 79
L 4.1546150000 2.4149968000 4.1646118 2.4050000000 1 P 14
L 4.1546150000 2.4349903000 4.1546150000 2.4149968000 1 P 14
L 4.1634369000 2.5700000000 5.937 2.5700000000 1 P 14
L 4.1634369000 2.8000000000 5.6370000000 2.8000000000 1 P 14
L 4.1646118 2.4050000000 4.1846053 2.4050000000 1 P 14
L 4.1646118 2.4449871 4.1546150000 2.4349903000 1 P 14
L 4.1846053 2.4050000000 4.1946021 2.4149968000 1 P 14
L 4.1846053 2.4449871 4.1646118 2.4449871 1 P 14
L 4.1946021 2.4149968000 4.1946021 2.4349903000 1 P 14
L 4.1946021 2.4349903000 4.1846053 2.4449871 1 P 14
L 4.2145956000 2.4050000000 4.2145956000 2.4449871 1 P 14
L 4.2145956000 2.4449871 4.2445859000 2.4449871 1 P 14
L 4.2445859000 2.4449871 4.2545827 2.4349903000 1 P 14
L 4.2545827 2.4349903000 4.2545827 2.4050000000 1 P 14
L 4.2745762 2.4050000000 4.3045665000 2.4050000000 1 P 14
L 4.2745762 2.4349903000 4.2845730000 2.4449871 1 P 14
L 4.2845730000 2.4249935000 4.2745762 2.4349903000 1 P 14
L 4.2845730000 2.4449871 4.3145633000 2.4449871 1 P 14
L 4.3045665000 2.4050000000 4.3145633000 2.4149968000 1 P 14
L 4.3045665000 2.4249935000 4.2845730000 2.4249935000 1 P 14
L 4.3145633000 2.4149968000 4.3045665000 2.4249935000 1 P 14
L 4.3945374 2.4050000000 4.4145309 2.4050000000 1 P 14
L 4.4045342000 2.4050000000 4.4045342000 2.4449871 1 P 14
L 4.4045342000 2.4449871 4.3945374 2.4449871 1 P 14
L 4.4145309 2.4050000000 4.4045342000 2.4050000000 1 P 14
L 4.4445212000 2.4050000000 4.4445212000 2.4449871 1 P 14
L 4.4445212000 2.4449871 4.4745115 2.4449871 1 P 14
L 4.4745115 2.4449871 4.4845083000 2.4349903000 1 P 14
L 4.4845083000 2.4349903000 4.4845083000 2.4050000000 1 P 14
L 4.5644824 2.4050000000 4.5644824 2.4449871 1 P 14
L 4.5644824 2.4449871 4.5744792000 2.4449871 1 P 14
L 4.5744792000 2.4449871 4.5844759 2.4349903000 1 P 14
L 4.5844759 2.4050000000 4.5844759 2.4349903000 1 P 14
L 4.5844759 2.4349903000 4.5844759 2.4050000000 1 P 14
L 4.5844759 2.4349903000 4.5944727000 2.4449871 1 P 14
L 4.5944727000 2.4449871 4.6044695 2.4349903000 1 P 14
L 4.6044695 2.4349903000 4.6044695 2.4050000000 1 P 14
L 4.624463 2.4050000000 4.6444565 2.4050000000 1 P 14
L 4.6344598 2.4050000000 4.6344598 2.4449871 1 P 14
L 4.6344598 2.4449871 4.624463 2.4449871 1 P 14
L 4.6444565 2.4050000000 4.6344598 2.4050000000 1 P 14
L 4.6744468 2.4050000000 4.6944403 2.4050000000 1 P 14
L 4.6844436000 2.4050000000 4.6844436000 2.4649806 1 P 14
L 4.6844436000 2.4649806 4.6744468 2.4649806 1 P 14
L 4.6944403 2.4050000000 4.6844436000 2.4050000000 1 P 14
L 4.7244306000 2.4050000000 4.7544209 2.4050000000 1 P 14
L 4.7244306000 2.4349903000 4.7344274 2.4449871 1 P 14
L 4.7344274 2.4249935000 4.7244306000 2.4349903000 1 P 14
L 4.7344274 2.4449871 4.7644177 2.4449871 1 P 14
L 4.7544209 2.4050000000 4.7644177 2.4149968000 1 P 14
L 4.7544209 2.4249935000 4.7344274 2.4249935000 1 P 14
L 4.7644177 2.4149968000 4.7544209 2.4249935000 1 P 14
L 5.5770000000 2.7800000000 5.6370000000 2.8000000000 1 P 14
L 5.5770000000 2.8200000000 5.6370000000 2.8000000000 1 P 14
L 5.6370000000 2.79 5.6370000000 3.285 1 P 14
L 5.8770000000 2.5500000000 5.937 2.5700000000 1 P 14
L 5.8770000000 2.5900000000 5.937 2.5700000000 1 P 14
L 5.937 2.56 5.937 2.99 1 P 14
L 5.937 3 5.937 6.937 2 P 78
