
#
#Feature symbol names
#
$0 r3.937

#
#Layer features
#
A 3.1473228000 5.9823623 3.1079528000 5.9823623 3.1276378 5.9823623 0 P 80 N
L 3.1079528000 5.9823623 3.1079528000 5.9823623 0 P 80
A 3.1079528000 5.9823623 3.1473228000 5.9823623 3.1276378 5.9823623 0 P 80 N
A 3.1551968 5.0668504000 3.1158268 5.0668504000 3.1355118 5.0668504000 0 P 80 N
L 3.1158268 5.0668504000 3.1158268 5.0668504000 0 P 80
A 3.1158268 5.0668504000 3.1551968 5.0668504000 3.1355118 5.0668504000 0 P 80 N
A 3.2013779 4.7029921 3.1620079000 4.7029921 3.1816929000 4.7029921 0 P 80 N
L 3.1620079000 4.7029921 3.1620079000 4.7029921 0 P 80
A 3.1620079000 4.7029921 3.2013779 4.7029921 3.1816929000 4.7029921 0 P 80 N
L 2.7364560000 5.6816920000 2.7364560000 5.768308 0 P 80
L 2.7364560000 5.6816920000 2.7935440000 5.6816920000 0 P 80
L 2.7364560000 5.768308 2.7935440000 5.768308 0 P 80
L 2.7364567 5.5216929000 2.7364567 5.6083070000 0 P 80
L 2.7364567 5.5216929000 2.7935433 5.5216929000 0 P 80
L 2.7364567 5.6083070000 2.7935433 5.6083070000 0 P 80
L 2.771694 4.626456 2.771694 4.683544 0 P 80
L 2.771694 4.626456 2.858308 4.626456 0 P 80
L 2.771694 4.683544 2.858308 4.683544 0 P 80
L 2.7935433 5.5216929000 2.7935433 5.6083070000 0 P 80
L 2.7935440000 5.6816920000 2.7935440000 5.768308 0 P 80
L 2.840472 5.492204 2.840472 5.7677960000 0 P 80
L 2.840472 5.492204 2.899528 5.492204 0 P 80
L 2.840472 5.7677960000 2.899528 5.7677960000 0 P 80
L 2.858308 4.626456 2.858308 4.683544 0 P 80
L 2.899528 5.492204 2.899528 5.7677960000 0 P 80
L 2.936456 4.966692 2.936456 5.053308 0 P 80
L 2.936456 4.966692 2.9935440000 4.966692 0 P 80
L 2.936456 5.053308 2.9935440000 5.053308 0 P 80
L 2.9935440000 4.966692 2.9935440000 5.053308 0 P 80
L 3.092204 5.742204 3.092204 6.0177960000 0 P 80
L 3.092204 5.742204 3.3677960000 5.742204 0 P 80
L 3.092204 6.0177960000 3.3677960000 6.0177960000 0 P 80
L 3.1000780000 5.031418 3.1000780000 5.2085820000 0 P 80
L 3.1000780000 5.031418 3.359922 5.031418 0 P 80
L 3.1000780000 5.2085820000 3.359922 5.2085820000 0 P 80
L 3.1462600000 4.5415740000 3.1462600000 4.7384260000 0 P 80
L 3.1462600000 4.5415740000 3.3037400000 4.5415740000 0 P 80
L 3.1462600000 4.7384260000 3.3037400000 4.7384260000 0 P 80
L 3.3037400000 4.5415740000 3.3037400000 4.7384260000 0 P 80
L 3.336694 6.201456 3.336694 6.2585440000 0 P 80
L 3.336694 6.201456 3.423308 6.201456 0 P 80
L 3.336694 6.2585440000 3.423308 6.2585440000 0 P 80
L 3.359922 5.031418 3.359922 5.2085820000 0 P 80
L 3.3677960000 5.742204 3.3677960000 6.0177960000 0 P 80
L 3.423308 6.201456 3.423308 6.2585440000 0 P 80
L 3.470472 4.982204 3.470472 5.2577960000 0 P 80
L 3.470472 4.982204 3.5295280000 4.982204 0 P 80
L 3.470472 5.2577960000 3.5295280000 5.2577960000 0 P 80
L 3.5295280000 4.982204 3.5295280000 5.2577960000 0 P 80
L 3.5914560000 5.7966940000 3.5914560000 5.883308 0 P 80
L 3.5914560000 5.7966940000 3.6485440000 5.7966940000 0 P 80
L 3.5914560000 5.883308 3.6485440000 5.883308 0 P 80
L 3.6034251000 4.4466930000 3.6034251000 4.5333072 0 P 80
L 3.6034251000 4.4466930000 3.6565748 4.4466930000 0 P 80
L 3.6034251000 4.5333072 3.6565748 4.5333072 0 P 80
L 3.6214560000 4.9916940000 3.6214560000 5.0783080000 0 P 80
L 3.6214560000 4.9916940000 3.678544 4.9916940000 0 P 80
L 3.6214560000 5.0783080000 3.678544 5.0783080000 0 P 80
L 3.6214560000 5.1716940000 3.6214560000 5.258308 0 P 80
L 3.6214560000 5.1716940000 3.678544 5.1716940000 0 P 80
L 3.6214560000 5.258308 3.678544 5.258308 0 P 80
L 3.6485440000 5.7966940000 3.6485440000 5.883308 0 P 80
L 3.6565748 4.4466930000 3.6565748 4.5333072 0 P 80
L 3.678544 4.9916940000 3.678544 5.0783080000 0 P 80
L 3.678544 5.1716940000 3.678544 5.258308 0 P 80
L 3.753426 4.621692 3.753426 4.708306 0 P 80
L 3.753426 4.621692 3.8065740000 4.621692 0 P 80
L 3.753426 4.708306 3.8065740000 4.708306 0 P 80
L 3.7564566000 4.4416930000 3.7564566000 4.5283072 0 P 80
L 3.7564566000 4.4416930000 3.8135432000 4.4416930000 0 P 80
L 3.7564566000 4.5283072 3.8135432000 4.5283072 0 P 80
L 3.8065740000 4.621692 3.8065740000 4.708306 0 P 80
L 3.8135432000 4.4416930000 3.8135432000 4.5283072 0 P 80
L 3.8284253 5.1566928 3.8284253 5.2433070000 0 P 80
L 3.8284253 5.1566928 3.8815749000 5.1566928 0 P 80
L 3.8284253 5.2433070000 3.8815749000 5.2433070000 0 P 80
L 3.8815749000 5.1566928 3.8815749000 5.2433070000 0 P 80
L 4.373426 6.311694 4.373426 6.398308 0 P 80
L 4.373426 6.311694 4.4265740000 6.311694 0 P 80
L 4.373426 6.398308 4.4265740000 6.398308 0 P 80
L 4.4265740000 6.311694 4.4265740000 6.398308 0 P 80
