#Layer_Color=16776960
#
#Feature symbol names
#
$0 r8
$1 r18

#
#Feature attribute names
#
@0 .geometry
@1 .pad_usage

#
#Feature attribute text strings
#
&0 VIA_RoundD18.0000H8.0000C48.0000

#
#Layer features
#
L 0.6051174 0.4901576 0.6051174 3.0492128 0 P 0
L 0.6051174 0.4901576 1.875645 0.4901576 0 P 0
L 0.6051174 3.0492128 3.1641726 3.0492128 0 P 0
L 0.6241174 0.5091576 0.6241174 3.0302128 0 P 0
L 0.6241174 0.5091576 1.856645 0.5091576 0 P 0
L 0.6241174 3.0302128 3.1451726 3.0302128 0 P 0
L 0.6431174 0.5281576 0.6431174 3.0112128 0 P 0
L 0.6431174 0.5281576 1.837645 0.5281576 0 P 0
L 0.6431174 3.0112128 3.1261726 3.0112128 0 P 0
L 0.6621174 0.5471576 0.6621174 2.9922128 0 P 0
L 0.6621174 0.5471576 1.818645 0.5471576 0 P 0
L 0.6621174 2.9922128 3.1071726 2.9922128 0 P 0
L 0.6811174 0.5661576 0.6811174 2.9732128 0 P 0
L 0.6811174 0.5661576 1.799645 0.5661576 0 P 0
L 0.6811174 2.9732128 3.0881726 2.9732128 0 P 0
L 0.7001174 0.5851576 0.7001174 2.9542128 0 P 0
L 0.7001174 0.5851576 1.780645 0.5851576 0 P 0
L 0.7001174 2.9542128 3.0691726 2.9542128 0 P 0
L 0.7191174 0.6041576 0.7191174 2.9352128 0 P 0
L 0.7191174 0.6041576 1.761645 0.6041576 0 P 0
L 0.7191174 2.9352128 3.0501726 2.9352128 0 P 0
L 0.7381174 0.6231576 0.7381174 2.9162128 0 P 0
L 0.7381174 0.6231576 1.742645 0.6231576 0 P 0
L 0.7381174 2.9162128 3.0311726 2.9162128 0 P 0
L 0.7571174 0.6421576 0.7571174 2.8972128 0 P 0
L 0.7571174 0.6421576 1.723645 0.6421576 0 P 0
L 0.7571174 2.8972128 3.0121726 2.8972128 0 P 0
L 0.7761174 0.6611576 0.7761174 2.8782128 0 P 0
L 0.7761174 0.6611576 1.685645 0.6611576 0 P 0
L 0.7761174 2.8782128 2.9931726 2.8782128 0 P 0
L 1.685645 0.6611576 1.685645 0.6801576 0 P 0
L 1.685645 0.6801576 1.704645 0.6801576 0 P 0
L 1.723645 0.6421576 1.723645 0.6611576 0 P 0
L 1.723645 0.6611576 2.9931726 0.6611576 0 P 0
L 1.742645 0.6231576 1.742645 0.6421576 0 P 0
L 1.742645 0.6421576 3.0121726 0.6421576 0 P 0
L 1.761645 0.6041576 1.761645 0.6231576 0 P 0
L 1.761645 0.6231576 3.0311726 0.6231576 0 P 0
L 1.780645 0.5851576 1.780645 0.6041576 0 P 0
L 1.780645 0.6041576 3.0501726 0.6041576 0 P 0
L 1.799645 0.5661576 1.799645 0.5851576 0 P 0
L 1.799645 0.5851576 3.0691726 0.5851576 0 P 0
L 1.818645 0.5471576 1.818645 0.5661576 0 P 0
L 1.818645 0.5661576 3.0881726 0.5661576 0 P 0
L 1.837645 0.5281576 1.837645 0.5471576 0 P 0
L 1.837645 0.5471576 3.1071726 0.5471576 0 P 0
L 1.856645 0.5091576 1.856645 0.5281576 0 P 0
L 1.856645 0.5281576 3.1261726 0.5281576 0 P 0
L 1.875645 0.4901576 1.875645 0.5091576 0 P 0
L 1.875645 0.5091576 3.1451726 0.5091576 0 P 0
L 1.894645 0.4711576 1.894645 0.4901576 0 P 0
L 1.894645 0.4901576 3.1641726 0.4901576 0 P 0
L 2.9931726 0.6611576 2.9931726 2.8782128 0 P 0
L 3.0121726 0.6421576 3.0121726 2.8972128 0 P 0
L 3.0311726 0.6231576 3.0311726 2.9162128 0 P 0
L 3.0501726 0.6041576 3.0501726 2.9352128 0 P 0
L 3.0691726 0.5851576 3.0691726 2.9542128 0 P 0
L 3.0881726 0.5661576 3.0881726 2.9732128 0 P 0
L 3.1071726 0.5471576 3.1071726 2.9922128 0 P 0
L 3.1261726 0.5281576 3.1261726 3.0112128 0 P 0
L 3.1451726 0.5091576 3.1451726 3.0302128 0 P 0
L 3.1641726 0.4901576 3.1641726 3.0492128 0 P 0
P 1.704645 0.6801576 1 P 0 0 ;0=0,1=1
P 1.894645 0.4711576 1 P 0 0 ;0=0,1=1
