
#
#Feature symbol names
#
$0 r1.968
$1 r3.937

#
#Layer features
#
L 2.7335039 5.5098818000 2.7335039 5.6201180000 0 P 81
L 2.7335039 5.5098818000 2.7964961 5.5098818000 0 P 81
L 2.7335039 5.6201180000 2.7964961 5.6201180000 0 P 81
L 2.7335040000 5.669882 2.7335040000 5.7801180000 0 P 81
L 2.7335040000 5.669882 2.7964960000 5.669882 0 P 81
L 2.7335040000 5.7801180000 2.7964960000 5.7801180000 0 P 81
L 2.745315 5.5649999 2.784685 5.5649999 1 P 80
L 2.7453160000 5.7250000000 2.784686 5.7250000000 1 P 80
L 2.746102 4.61563 2.746102 4.69437 0 P 81
L 2.746102 4.61563 2.8838980000 4.61563 0 P 81
L 2.746102 4.69437 2.8838980000 4.69437 0 P 81
L 2.765 5.5453149 2.765 5.584685 1 P 80
L 2.765 5.705314 2.765 5.7446860000 1 P 80
L 2.795316 4.655 2.834686 4.655 1 P 80
L 2.7964960000 5.669882 2.7964960000 5.7801180000 0 P 81
L 2.7964961 5.5098818000 2.7964961 5.6201180000 0 P 81
L 2.8150000000 4.635316 2.8150000000 4.674686 1 P 80
L 2.850314 5.6300000000 2.889686 5.6300000000 1 P 80
L 2.87 5.6103140000 2.87 5.6496860000 1 P 80
L 2.8838980000 4.61563 2.8838980000 4.69437 0 P 81
L 2.9256300000 4.9411020000 2.9256300000 5.0788980000 0 P 81
L 2.9256300000 4.9411020000 3.00437 4.9411020000 0 P 81
L 2.9256300000 5.0788980000 3.00437 5.0788980000 0 P 81
L 2.945316 5.0100000000 2.9846860000 5.0100000000 1 P 80
L 2.9650000000 4.9903140000 2.9650000000 5.0296860000 1 P 80
L 3.00437 4.9411020000 3.00437 5.0788980000 0 P 81
L 3.00559 5.65559 3.00559 6.1044100000 0 P 81
L 3.00559 5.65559 3.45441 5.65559 0 P 81
L 3.00559 6.1044100000 3.45441 6.1044100000 0 P 81
L 3.0773620000 4.5317320000 3.0773620000 4.748268 0 P 81
L 3.0773620000 4.5317320000 3.3726380000 4.5317320000 0 P 81
L 3.0773620000 4.748268 3.3726380000 4.748268 0 P 81
L 3.0902360000 4.964488 3.0902360000 5.2755120000 0 P 81
L 3.0902360000 4.964488 3.3697640000 4.964488 0 P 81
L 3.0902360000 5.2755120000 3.3697640000 5.2755120000 0 P 81
L 3.2053140000 4.6400000000 3.244686 4.6400000000 1 P 80
L 3.2103140000 5.12 3.249686 5.12 1 P 80
L 3.210316 5.8800000000 3.249686 5.8800000000 1 P 80
L 3.225 4.6203140000 3.225 4.659684 1 P 80
L 3.2300000000 5.100316 3.2300000000 5.139686 1 P 80
L 3.2300000000 5.860316 3.2300000000 5.8996860000 1 P 80
L 3.3111020000 6.1906300000 3.3111020000 6.26937 0 P 81
L 3.3111020000 6.1906300000 3.4488980000 6.1906300000 0 P 81
L 3.3111020000 6.26937 3.4488980000 6.26937 0 P 81
L 3.360316 6.23 3.3996860000 6.23 1 P 80
L 3.3697640000 4.964488 3.3697640000 5.2755120000 0 P 81
L 3.3726380000 4.5317320000 3.3726380000 4.748268 0 P 81
L 3.3800000000 6.2103160000 3.3800000000 6.2496860000 1 P 80
L 3.4488980000 6.1906300000 3.4488980000 6.26937 0 P 81
L 3.45441 5.65559 3.45441 6.1044100000 0 P 81
L 3.4803140000 5.12 3.5196840000 5.12 1 P 80
L 3.5 5.100314 3.5 5.139686 1 P 80
L 3.58063 5.7711020000 3.58063 5.9088980000 0 P 81
L 3.58063 5.7711020000 3.65937 5.7711020000 0 P 81
L 3.58063 5.9088980000 3.65937 5.9088980000 0 P 81
L 3.600314 5.8400000000 3.6396840000 5.8400000000 1 P 80
L 3.6004724 4.4348820000 3.6004724 4.5451182 0 P 81
L 3.6004724 4.4348820000 3.6595275000 4.4348820000 0 P 81
L 3.6004724 4.5451182 3.6595275000 4.5451182 0 P 81
L 3.6103149 4.4900001000 3.6496850000 4.4900001000 1 P 80
L 3.618504 4.9798820000 3.618504 5.090118 0 P 81
L 3.618504 4.9798820000 3.681496 4.9798820000 0 P 81
L 3.618504 5.090118 3.681496 5.090118 0 P 81
L 3.618504 5.1598820000 3.618504 5.270118 0 P 81
L 3.618504 5.1598820000 3.681496 5.1598820000 0 P 81
L 3.618504 5.270118 3.681496 5.270118 0 P 81
L 3.62 5.820316 3.62 5.8596860000 1 P 80
L 3.6300000000 4.470315 3.6300000000 4.5096851000 1 P 80
L 3.630316 5.035 3.669686 5.035 1 P 80
L 3.630316 5.2150000000 3.669686 5.2150000000 1 P 80
L 3.6500000000 5.015316 3.6500000000 5.054686 1 P 80
L 3.6500000000 5.195316 3.6500000000 5.2346860000 1 P 80
L 3.65937 5.7711020000 3.65937 5.9088980000 0 P 81
L 3.6595275000 4.4348820000 3.6595275000 4.5451182 0 P 81
L 3.681496 4.9798820000 3.681496 5.090118 0 P 81
L 3.681496 5.1598820000 3.681496 5.270118 0 P 81
L 3.742598 4.596102 3.742598 4.7338980000 0 P 81
L 3.742598 4.596102 3.8174020000 4.596102 0 P 81
L 3.742598 4.7338980000 3.8174020000 4.7338980000 0 P 81
L 3.7456298 4.4161024000 3.7456298 4.5538977 0 P 81
L 3.7456298 4.4161024000 3.82437 4.4161024000 0 P 81
L 3.7456298 4.5538977 3.82437 4.5538977 0 P 81
L 3.7603160000 4.665 3.7996860000 4.665 1 P 80
L 3.7653149000 4.4850001000 3.8046849000 4.4850001000 1 P 80
L 3.7800000000 4.6453140000 3.7800000000 4.6846840000 1 P 80
L 3.7849999000 4.465315 3.7849999000 4.5046851000 1 P 80
L 3.8174020000 4.596102 3.8174020000 4.7338980000 0 P 81
L 3.8175986 5.1311023 3.8175986 5.2688976000 0 P 81
L 3.8175986 5.1311023 3.8924017 5.1311023 0 P 81
L 3.8175986 5.2688976000 3.8924017 5.2688976000 0 P 81
L 3.82437 4.4161024000 3.82437 4.5538977 0 P 81
L 3.8353151 5.1999999000 3.8746852 5.1999999000 1 P 80
L 3.8550001000 5.1803149000 3.8550001000 5.219685 1 P 80
L 3.8924017 5.1311023 3.8924017 5.2688976000 0 P 81
L 4.362598 6.2861020000 4.362598 6.423898 0 P 81
L 4.362598 6.2861020000 4.4374020000 6.2861020000 0 P 81
L 4.362598 6.423898 4.4374020000 6.423898 0 P 81
L 4.380314 6.355 4.419684 6.355 1 P 80
L 4.4 6.3353160000 4.4 6.3746860000 1 P 80
L 4.4374020000 6.2861020000 4.4374020000 6.423898 0 P 81
