
#
#Feature symbol names
#
#Layer_Physical_Order=2
$0 r8
$1 r275.591
$2 r70
$3 s70
$4 r115
$5 oct62x62x15.5
$6 r62
$7 r40
$8 r47.244
$9 r66.535
$10 s66.535
$11 r60
$12 s60
$13 r187.402
$14 r180
$15 r18

#
#Layer features
#
L 2.362 5.0280000000 2.362 5.58 0 P 17
L 2.362 5.0280000000 2.4250000000 4.9650000000 0 P 17
L 2.362 5.58 2.4000000000 5.618 0 P 17
L 2.378 5.112 2.378 5.2 0 P 17
L 2.378 5.112 2.4250000000 5.065 0 P 17
L 2.378 5.2 2.3960000000 5.2180000000 0 P 17
L 2.378 6.312 2.378 6.4120000000 0 P 17
L 2.378 6.312 2.4250000000 6.2650000000 0 P 17
L 2.378 6.4120000000 2.435 6.469 0 P 17
L 2.3960000000 5.2180000000 2.572 5.2180000000 0 P 17
L 2.4000000000 5.5130000000 2.72 5.5130000000 0 P 17
L 2.4000000000 5.618 2.79103 5.618 0 P 17
L 2.4250000000 5.2650000000 2.478 5.3180000000 0 P 17
L 2.4250000000 5.365 2.478 5.418 0 P 17
L 2.4250000000 6.065 2.478 6.0120000000 0 P 17
L 2.4250000000 6.165 2.478 6.112 0 P 17
L 2.4250000000 6.365 2.494 6.434 0 P 17
L 2.435 6.469 3.084 6.469 0 P 17
L 2.478 5.3180000000 2.8440000000 5.3180000000 0 P 17
L 2.478 5.418 2.8997640000 5.418 0 P 17
L 2.478 5.812 2.478 5.9 0 P 17
L 2.478 5.812 2.5250000000 5.7650000000 0 P 17
L 2.478 5.9 2.4960000000 5.918 0 P 17
L 2.478 6.0120000000 2.988236 6.0120000000 0 P 17
L 2.478 6.112 3.108 6.112 0 P 17
L 2.494 6.434 3.149 6.434 0 P 17
L 2.4960000000 5.918 3.3360000000 5.918 0 P 17
L 2.5250000000 4.9650000000 3.104 4.9650000000 0 P 17
L 2.5250000000 5.065 2.5850000000 5.0050000000 0 P 17
L 2.5250000000 5.165 2.5660000000 5.165 0 P 17
L 2.5250000000 5.2650000000 2.5740000000 5.2650000000 0 P 17
L 2.5250000000 5.4650000000 2.6946280000 5.4650000000 0 P 17
L 2.5250000000 5.665 2.5905460000 5.730546 0 P 17
L 2.5250000000 5.865 2.5620000000 5.902 0 P 17
L 2.5250000000 5.9650000000 3.4250000000 5.9650000000 0 P 17
L 2.5250000000 6.065 3.271888 6.065 0 P 17
L 2.5250000000 6.165 2.5570000000 6.133 0 P 17
L 2.5250000000 6.2650000000 3.277244 6.2650000000 0 P 17
L 2.5250000000 6.365 3.2457480000 6.365 0 P 17
L 2.5570000000 6.133 3.2760000000 6.133 0 P 17
L 2.5620000000 5.902 3.39326 5.902 0 P 17
L 2.5660000000 5.165 2.607 5.206 0 P 17
L 2.572 5.2180000000 2.5890000000 5.235 0 P 17
L 2.5740000000 5.2650000000 2.588 5.251 0 P 17
L 2.5850000000 5.0050000000 3.0980000000 5.0050000000 0 P 17
L 2.588 5.251 3.2390000000 5.251 0 P 17
L 2.5890000000 5.235 3.4080000000 5.235 0 P 17
L 2.5905460000 5.730546 2.876294 5.730546 0 P 17
L 2.607 5.206 3.1916140000 5.206 0 P 17
L 2.6946280000 5.4650000000 2.942628 5.713 0 P 17
L 2.72 5.5130000000 2.9760000000 5.769 0 P 17
L 2.79103 5.618 2.98503 5.812 0 P 17
L 2.8440000000 5.3180000000 3.1510000000 5.625 0 P 17
L 2.8504340000 4.6140000000 2.8514340000 4.615 0 P 17
L 2.8514340000 4.615 3.0730000000 4.615 0 P 17
L 2.8600000000 5.274 3.471 5.8850000000 0 P 17
L 2.876294 5.730546 3.0100000000 5.8642520000 0 P 17
L 2.8920000000 5.0500000000 3.009434 5.0500000000 0 P 17
L 2.8997640000 5.418 3.12 5.638236 0 P 17
L 2.942628 5.713 3.2510000000 5.713 0 P 17
L 2.9760000000 5.769 3.1827560000 5.769 0 P 17
L 2.98503 5.812 3.2150000000 5.812 0 P 17
L 2.988236 6.0120000000 3.0100000000 5.990236 0 P 17
L 3.009434 5.0500000000 3.1404340000 5.181 0 P 17
L 3.0100000000 5.8642520000 3.243748 5.8642520000 0 P 17
L 3.0500000000 6.535 3.0500000000 6.5500000000 0 P 17
L 3.0500000000 6.5500000000 3.0900000000 6.5900000000 0 P 17
L 3.084 6.469 3.1500000000 6.535 0 P 17
L 3.0900000000 6.5900000000 3.9400000000 6.5900000000 0 P 17
L 3.0930000000 6.2040000000 3.427 6.2040000000 0 P 17
L 3.0980000000 5.0050000000 3.217 5.1240000000 0 P 17
L 3.104 4.9650000000 3.342 5.203 0 P 17
L 3.108 6.112 3.12 6.1000000000 0 P 17
L 3.115 5.28 3.1460000000 5.3110000000 0 P 17
L 3.12 5.638236 3.12 5.655 0 P 17
L 3.14 4.613 3.14 4.9600000000 0 P 17
L 3.14 4.613 3.188 4.565 0 P 17
L 3.1460000000 5.3110000000 3.3400000000 5.3110000000 0 P 17
L 3.149 6.434 3.25 6.535 0 P 17
L 3.1510000000 5.625 3.1510000000 5.66 0 P 17
L 3.188 4.665 3.188 4.854 0 P 17
L 3.188 4.854 3.507 5.173 0 P 17
L 3.1916140000 5.1860000000 3.1916140000 5.206 0 P 17
L 3.1916140000 5.1860000000 3.2246140000 5.219 0 P 17
L 3.214252 5.470748 3.4160000000 5.269 0 P 17
L 3.214252 6.1700000000 3.4154340000 6.1700000000 0 P 17
L 3.2150000000 5.812 3.2460000000 5.7810000000 0 P 17
L 3.2246140000 5.219 3.4240000000 5.219 0 P 17
L 3.2390000000 5.251 3.2680000000 5.28 0 P 17
L 3.243748 5.8642520000 3.294 5.814 0 P 17
L 3.2510000000 5.713 3.294 5.756 0 P 17
L 3.271888 6.065 3.3400000000 5.996888 0 P 17
L 3.2760000000 6.133 3.309 6.1000000000 0 P 17
L 3.277244 5.656244 3.317 5.6960000000 0 P 17
L 3.294 5.756 3.294 5.814 0 P 17
L 3.317 5.6960000000 3.3810000000 5.6960000000 0 P 17
L 3.33 5.149 3.4330000000 5.149 0 P 17
L 3.3360000000 5.918 3.345 5.9270000000 0 P 17
L 3.3400000000 5.3110000000 3.395 5.256 0 P 17
L 3.3402360000 5.659764 3.4320000000 5.5680000000 0 P 17
L 3.342 5.203 3.4400000000 5.203 0 P 17
L 3.3800000000 4.615 3.3800000000 4.665 0 P 17
L 3.3800000000 4.665 3.3850000000 4.6700000000 0 P 17
L 3.3810000000 5.6960000000 3.4480000000 5.6290000000 0 P 17
L 3.3850000000 4.6700000000 3.5450000000 4.6700000000 0 P 17
L 3.39326 5.902 3.45 5.9587400000 0 P 17
L 3.4080000000 5.235 3.4160000000 5.243 0 P 17
L 3.4154340000 6.1700000000 3.471 6.114434 0 P 17
L 3.4154340000 6.2725440000 3.882544 6.2725440000 0 P 17
L 3.4160000000 5.243 3.4160000000 5.269 0 P 17
L 3.4240000000 5.219 3.4320000000 5.227 0 P 17
L 3.4250000000 5.9650000000 3.45 5.99 0 P 17
L 3.427 6.2040000000 3.487 6.144 0 P 17
L 3.4320000000 5.227 3.4320000000 5.5680000000 0 P 17
L 3.4330000000 5.149 3.487 5.203 0 P 17
L 3.4400000000 5.203 3.4480000000 5.211 0 P 17
L 3.4480000000 5.211 3.4480000000 5.6290000000 0 P 17
L 3.471 5.8850000000 3.471 6.114434 0 P 17
L 3.487 5.203 3.487 6.144 0 P 17
L 3.507 5.173 3.7680000000 5.173 0 P 17
L 3.5450000000 4.6700000000 3.571 4.644 0 P 17
L 3.571 4.644 3.604 4.644 0 P 17
L 3.5850000000 4.665 3.5850000000 5.0550000000 0 P 17
L 3.604 4.644 3.6300000000 4.6700000000 0 P 17
L 3.6300000000 4.6700000000 4.8400000000 4.6700000000 0 P 17
L 3.882544 6.2725440000 4.1000000000 6.49 0 P 17
L 3.9400000000 6.5900000000 3.9800000000 6.5500000000 0 P 17
L 4.1000000000 6.5500000000 4.8320000000 6.5500000000 0 P 17
L 4.5610000000 5.9515280000 4.5610000000 6.317598 0 P 17
L 4.5610000000 5.9515280000 4.6080000000 5.9045280000 0 P 17
L 4.6080000000 5.9045280000 5.0818900000 5.9045280000 0 P 17
L 4.8320000000 6.5500000000 4.8690000000 6.5130000000 0 P 17
L 4.8400000000 4.6700000000 4.9460000000 4.564 0 P 17
L 4.8690000000 6.048 4.8690000000 6.5130000000 0 P 17
L 4.8690000000 6.048 4.903418 6.013582 0 P 17
L 4.87 4.6715000000 4.87 4.6850000000 0 P 17
L 4.87 4.6715000000 4.988 4.5535000000 0 P 17
L 4.903418 6.013582 5.0818900000 6.013582 0 P 17
L 4.9460000000 4.5361031 4.9460000000 4.564 0 P 17
L 4.9460000000 4.5361031 4.9706031000 4.5115000000 0 P 17
L 4.9706031000 4.5115000000 4.9803969000 4.5115000000 0 P 17
L 4.9803969000 4.5115000000 5.03 4.4618969 0 P 17
L 4.988 4.3355000000 4.988 4.3851031 0 P 17
L 4.988 4.3851031 5.03 4.4271031 0 P 17
L 5.03 4.4271031 5.03 4.4618969 0 P 17
P 2.3000000000 3.31 1 P 76 0
P 2.3000000000 6.6370000000 1 P 76 0
P 2.4250000000 4.9650000000 2 P 52 0
P 2.4250000000 5.065 2 P 52 0
P 2.4250000000 5.165 2 P 52 0
P 2.4250000000 5.2650000000 2 P 52 0
P 2.4250000000 5.365 2 P 52 0
P 2.4250000000 5.4650000000 2 P 52 0
P 2.4250000000 5.565 2 P 52 0
P 2.4250000000 5.665 2 P 52 0
P 2.4250000000 5.7650000000 2 P 52 0
P 2.4250000000 5.865 2 P 52 0
P 2.4250000000 5.9650000000 2 P 52 0
P 2.4250000000 6.065 2 P 52 0
P 2.4250000000 6.165 2 P 52 0
P 2.4250000000 6.2650000000 2 P 52 0
P 2.4250000000 6.365 3 P 71 0
P 2.5250000000 4.9650000000 2 P 52 0
P 2.5250000000 5.065 2 P 52 0
P 2.5250000000 5.165 2 P 52 0
P 2.5250000000 5.2650000000 2 P 52 0
P 2.5250000000 5.365 2 P 52 0
P 2.5250000000 5.4650000000 2 P 52 0
P 2.5250000000 5.565 2 P 52 0
P 2.5250000000 5.665 2 P 52 0
P 2.5250000000 5.7650000000 2 P 52 0
P 2.5250000000 5.865 2 P 52 0
P 2.5250000000 5.9650000000 2 P 52 0
P 2.5250000000 6.065 2 P 52 0
P 2.5250000000 6.165 2 P 52 0
P 2.5250000000 6.2650000000 2 P 52 0
P 2.5250000000 6.365 2 P 52 0
P 2.6900000000 3.612 4 P 75 0
P 2.6900000000 3.8480000000 4 P 75 0
P 2.875 3.7300000000 4 P 75 0
P 3.0500000000 6.535 5 P 66 0
P 3.1500000000 6.535 6 P 67 0
P 3.25 6.535 6 P 67 0
P 3.35 6.535 6 P 67 0
P 3.45 6.535 6 P 67 0
P 3.5500000000 6.535 6 P 67 0
P 3.9800000000 6.49 7 P 64 0
P 3.9800000000 6.5500000000 7 P 64 0
P 4.04 6.49 7 P 64 0
P 4.04 6.5500000000 7 P 64 0
P 4.1000000000 6.49 7 P 64 0
P 4.1000000000 6.5500000000 7 P 64 0
P 4.7 6.25 8 P 65 0
P 4.7 6.45 8 P 65 0
P 4.9700780000 5.63189 9 P 68 0
P 4.9700780000 5.7409440000 9 P 68 0
P 4.9700780000 5.8500000000 9 P 68 0
P 4.9700780000 5.959056 9 P 68 0
P 4.9700780000 6.0681100000 10 P 69 0
P 4.988 4.3355000000 11 P 73 0
P 4.988 4.4445000000 11 P 73 0
P 4.988 4.5535000000 11 P 73 0
P 4.988 4.6625000000 11 P 73 0
P 4.988 4.7715000000 12 P 74 0
P 5.025984 5.3580700000 13 P 70 0
P 5.025984 6.3419300000 13 P 70 0
P 5.0440000000 4.0615000000 14 P 72 0
P 5.0440000000 5.0455000000 14 P 72 0
P 5.0818900000 5.6864180000 9 P 68 0
P 5.0818900000 5.795472 9 P 68 0
P 5.0818900000 5.9045280000 9 P 68 0
P 5.0818900000 6.013582 9 P 68 0
P 5.1000000000 4.3905 11 P 73 0
P 5.1000000000 4.4995 11 P 73 0
P 5.1000000000 4.6085 11 P 73 0
P 5.1000000000 4.7175 11 P 73 0
P 5.6370000000 3.3000000000 1 P 76 0
P 5.6370000000 6.6370000000 1 P 76 0
P 2.4000000000 5.5130000000 15 P 77 0
P 2.8504340000 4.6140000000 15 P 77 0
P 2.8600000000 5.274 15 P 77 0
P 2.8920000000 5.0500000000 15 P 77 0
P 3.0100000000 5.8642520000 15 P 77 0
P 3.0100000000 5.990236 15 P 77 0
P 3.0730000000 4.615 15 P 77 0
P 3.0930000000 6.2040000000 15 P 77 0
P 3.115 5.28 15 P 77 0
P 3.12 5.655 15 P 77 0
P 3.12 6.1000000000 15 P 77 0
P 3.14 4.9600000000 15 P 77 0
P 3.1404340000 5.181 15 P 77 0
P 3.1510000000 5.66 15 P 77 0
P 3.1827560000 5.769 15 P 77 0
P 3.188 4.565 15 P 77 0
P 3.188 4.665 15 P 77 0
P 3.1916140000 5.1860000000 15 P 77 0
P 3.214252 5.470748 15 P 77 0
P 3.214252 6.1700000000 15 P 77 0
P 3.217 5.1240000000 15 P 77 0
P 3.2457480000 6.365 15 P 77 0
P 3.2460000000 5.7810000000 15 P 77 0
P 3.2680000000 5.28 15 P 77 0
P 3.277244 5.656244 15 P 77 0
P 3.277244 6.2650000000 15 P 77 0
P 3.309 6.1000000000 15 P 77 0
P 3.33 5.149 15 P 77 0
P 3.3400000000 5.996888 15 P 77 0
P 3.3402360000 5.659764 15 P 77 0
P 3.345 5.9270000000 15 P 77 0
P 3.3800000000 4.615 15 P 77 0
P 3.395 5.256 15 P 77 0
P 3.4154340000 6.1700000000 15 P 77 0
P 3.4154340000 6.2725440000 15 P 77 0
P 3.45 5.9587400000 15 P 77 0
P 3.45 5.99 15 P 77 0
P 3.5850000000 4.665 15 P 77 0
P 3.5850000000 5.0550000000 15 P 77 0
P 3.7680000000 5.173 15 P 77 0
P 4.5610000000 6.317598 15 P 77 0
P 4.87 4.6850000000 15 P 77 0
